threshold, avg_num_keypoints
5.000000000000000104e-03,9.412000000000000000e+03
5.000000000000000104e-03,8.856000000000000000e+03
5.000000000000000104e-03,9.316000000000000000e+03
5.000000000000000104e-03,9.827000000000000000e+03
5.000000000000000104e-03,7.277000000000000000e+03
5.000000000000000104e-03,9.217000000000000000e+03
5.000000000000000104e-03,9.032000000000000000e+03
6.000000000000000125e-03,9.149000000000000000e+03
6.000000000000000125e-03,6.926000000000000000e+03
6.000000000000000125e-03,7.875000000000000000e+03
6.000000000000000125e-03,9.030000000000000000e+03
6.000000000000000125e-03,6.900000000000000000e+03
6.000000000000000125e-03,7.996000000000000000e+03
6.000000000000000125e-03,7.001000000000000000e+03
6.000000000000000125e-03,9.854000000000000000e+03
6.000000000000000125e-03,7.360000000000000000e+03
6.000000000000000125e-03,5.548000000000000000e+03
6.000000000000000125e-03,7.322000000000000000e+03
6.000000000000000125e-03,6.963000000000000000e+03
6.000000000000000125e-03,9.661000000000000000e+03
7.000000000000000146e-03,8.347000000000000000e+03
7.000000000000000146e-03,7.337000000000000000e+03
7.000000000000000146e-03,5.253000000000000000e+03
7.000000000000000146e-03,8.203000000000000000e+03
7.000000000000000146e-03,8.182000000000000000e+03
7.000000000000000146e-03,6.316000000000000000e+03
7.000000000000000146e-03,7.226000000000000000e+03
7.000000000000000146e-03,9.594000000000000000e+03
7.000000000000000146e-03,5.543000000000000000e+03
7.000000000000000146e-03,6.157000000000000000e+03
7.000000000000000146e-03,7.953000000000000000e+03
7.000000000000000146e-03,5.405000000000000000e+03
7.000000000000000146e-03,7.802000000000000000e+03
7.000000000000000146e-03,8.606000000000000000e+03
7.000000000000000146e-03,9.392000000000000000e+03
7.000000000000000146e-03,7.965000000000000000e+03
7.000000000000000146e-03,5.592000000000000000e+03
7.000000000000000146e-03,4.329000000000000000e+03
7.000000000000000146e-03,8.449000000000000000e+03
7.000000000000000146e-03,8.513000000000000000e+03
7.000000000000000146e-03,5.957000000000000000e+03
7.000000000000000146e-03,9.361000000000000000e+03
7.000000000000000146e-03,9.104000000000000000e+03
7.000000000000000146e-03,5.471000000000000000e+03
7.000000000000000146e-03,7.724000000000000000e+03
7.000000000000000146e-03,8.188000000000000000e+03
7.000000000000000146e-03,9.199000000000000000e+03
8.000000000000000167e-03,6.787000000000000000e+03
8.000000000000000167e-03,5.922000000000000000e+03
8.000000000000000167e-03,4.116000000000000000e+03
8.000000000000000167e-03,6.615000000000000000e+03
8.000000000000000167e-03,6.599000000000000000e+03
8.000000000000000167e-03,5.220000000000000000e+03
8.000000000000000167e-03,5.862000000000000000e+03
8.000000000000000167e-03,7.889000000000000000e+03
8.000000000000000167e-03,4.544000000000000000e+03
8.000000000000000167e-03,4.942000000000000000e+03
8.000000000000000167e-03,8.459000000000000000e+03
8.000000000000000167e-03,6.379000000000000000e+03
8.000000000000000167e-03,4.296000000000000000e+03
8.000000000000000167e-03,6.334000000000000000e+03
8.000000000000000167e-03,6.906000000000000000e+03
8.000000000000000167e-03,7.666000000000000000e+03
8.000000000000000167e-03,6.383000000000000000e+03
8.000000000000000167e-03,4.297000000000000000e+03
8.000000000000000167e-03,3.457000000000000000e+03
8.000000000000000167e-03,6.815000000000000000e+03
8.000000000000000167e-03,6.752000000000000000e+03
8.000000000000000167e-03,4.985000000000000000e+03
8.000000000000000167e-03,7.694000000000000000e+03
8.000000000000000167e-03,8.391000000000000000e+03
8.000000000000000167e-03,7.345000000000000000e+03
8.000000000000000167e-03,4.452000000000000000e+03
8.000000000000000167e-03,6.155000000000000000e+03
8.000000000000000167e-03,6.548000000000000000e+03
8.000000000000000167e-03,7.292000000000000000e+03
9.000000000000001055e-03,5.543000000000000000e+03
9.000000000000001055e-03,4.851000000000000000e+03
9.000000000000001055e-03,3.323000000000000000e+03
9.000000000000001055e-03,5.399000000000000000e+03
9.000000000000001055e-03,5.399000000000000000e+03
9.000000000000001055e-03,4.336000000000000000e+03
9.000000000000001055e-03,4.878000000000000000e+03
9.000000000000001055e-03,6.657000000000000000e+03
9.000000000000001055e-03,3.759000000000000000e+03
9.000000000000001055e-03,4.026000000000000000e+03
9.000000000000001055e-03,6.869000000000000000e+03
9.000000000000001055e-03,5.171000000000000000e+03
9.000000000000001055e-03,3.438000000000000000e+03
9.000000000000001055e-03,5.237000000000000000e+03
9.000000000000001055e-03,5.681000000000000000e+03
9.000000000000001055e-03,6.361000000000000000e+03
9.000000000000001055e-03,5.116000000000000000e+03
9.000000000000001055e-03,3.382000000000000000e+03
9.000000000000001055e-03,2.821000000000000000e+03
9.000000000000001055e-03,5.627000000000000000e+03
9.000000000000001055e-03,5.491000000000000000e+03
9.000000000000001055e-03,4.171000000000000000e+03
9.000000000000001055e-03,6.405000000000000000e+03
9.000000000000001055e-03,6.823000000000000000e+03
9.000000000000001055e-03,5.914000000000000000e+03
9.000000000000001055e-03,3.705000000000000000e+03
9.000000000000001055e-03,4.974000000000000000e+03
9.000000000000001055e-03,5.258000000000000000e+03
9.000000000000001055e-03,5.874000000000000000e+03
1.000000000000000194e-02,4.612000000000000000e+03
1.000000000000000194e-02,4.114000000000000000e+03
1.000000000000000194e-02,2.689000000000000000e+03
1.000000000000000194e-02,4.455000000000000000e+03
1.000000000000000194e-02,4.463000000000000000e+03
1.000000000000000194e-02,3.661000000000000000e+03
1.000000000000000194e-02,4.074000000000000000e+03
1.000000000000000194e-02,5.650000000000000000e+03
1.000000000000000194e-02,3.177000000000000000e+03
1.000000000000000194e-02,3.304000000000000000e+03
1.000000000000000194e-02,5.701000000000000000e+03
1.000000000000000194e-02,4.275000000000000000e+03
1.000000000000000194e-02,2.764000000000000000e+03
1.000000000000000194e-02,4.421000000000000000e+03
1.000000000000000194e-02,4.706000000000000000e+03
1.000000000000000194e-02,5.292000000000000000e+03
1.000000000000000194e-02,4.188000000000000000e+03
1.000000000000000194e-02,2.719000000000000000e+03
1.000000000000000194e-02,2.308000000000000000e+03
1.000000000000000194e-02,4.780000000000000000e+03
1.000000000000000194e-02,4.465000000000000000e+03
1.000000000000000194e-02,3.497000000000000000e+03
1.000000000000000194e-02,5.460000000000000000e+03
1.000000000000000194e-02,5.499000000000000000e+03
1.000000000000000194e-02,4.889000000000000000e+03
1.000000000000000194e-02,3.094000000000000000e+03
1.000000000000000194e-02,4.164000000000000000e+03
1.000000000000000194e-02,4.333000000000000000e+03
1.000000000000000194e-02,4.827000000000000000e+03
1.099999999999999936e-02,3.880000000000000000e+03
1.099999999999999936e-02,3.522000000000000000e+03
1.099999999999999936e-02,2.153000000000000000e+03
1.099999999999999936e-02,3.736000000000000000e+03
1.099999999999999936e-02,3.703000000000000000e+03
1.099999999999999936e-02,3.121000000000000000e+03
1.099999999999999936e-02,3.468000000000000000e+03
1.099999999999999936e-02,4.842000000000000000e+03
1.099999999999999936e-02,2.708000000000000000e+03
1.099999999999999936e-02,2.723000000000000000e+03
1.099999999999999936e-02,4.759000000000000000e+03
1.099999999999999936e-02,3.576000000000000000e+03
1.099999999999999936e-02,2.218000000000000000e+03
1.099999999999999936e-02,3.763000000000000000e+03
1.099999999999999936e-02,3.941000000000000000e+03
1.099999999999999936e-02,4.457000000000000000e+03
1.099999999999999936e-02,3.434000000000000000e+03
1.099999999999999936e-02,2.173000000000000000e+03
1.099999999999999936e-02,1.930000000000000000e+03
1.099999999999999936e-02,4.083000000000000000e+03
1.099999999999999936e-02,3.671000000000000000e+03
1.099999999999999936e-02,2.994000000000000000e+03
1.099999999999999936e-02,4.640000000000000000e+03
1.099999999999999936e-02,4.464000000000000000e+03
1.099999999999999936e-02,4.088000000000000000e+03
1.099999999999999936e-02,2.593000000000000000e+03
1.099999999999999936e-02,3.505000000000000000e+03
1.099999999999999936e-02,3.598000000000000000e+03
1.099999999999999936e-02,3.944000000000000000e+03
1.200000000000000025e-02,3.303000000000000000e+03
1.200000000000000025e-02,3.034000000000000000e+03
1.200000000000000025e-02,1.810000000000000000e+03
1.200000000000000025e-02,3.138000000000000000e+03
1.200000000000000025e-02,3.117000000000000000e+03
1.200000000000000025e-02,2.640000000000000000e+03
1.200000000000000025e-02,2.956000000000000000e+03
1.200000000000000025e-02,4.174000000000000000e+03
1.200000000000000025e-02,2.348000000000000000e+03
1.200000000000000025e-02,2.247000000000000000e+03
1.200000000000000025e-02,3.981000000000000000e+03
1.200000000000000025e-02,3.007000000000000000e+03
1.200000000000000025e-02,1.794000000000000000e+03
1.200000000000000025e-02,3.189000000000000000e+03
1.200000000000000025e-02,3.317000000000000000e+03
1.200000000000000025e-02,3.748000000000000000e+03
1.200000000000000025e-02,2.814000000000000000e+03
1.200000000000000025e-02,1.764000000000000000e+03
1.200000000000000025e-02,1.641000000000000000e+03
1.200000000000000025e-02,3.503000000000000000e+03
1.200000000000000025e-02,3.022000000000000000e+03
1.200000000000000025e-02,2.588000000000000000e+03
1.200000000000000025e-02,4.000000000000000000e+03
1.200000000000000025e-02,3.629000000000000000e+03
1.200000000000000025e-02,3.451000000000000000e+03
1.200000000000000025e-02,2.228000000000000000e+03
1.200000000000000025e-02,2.982000000000000000e+03
1.200000000000000025e-02,2.999000000000000000e+03
1.200000000000000025e-02,3.308000000000000000e+03
1.300000000000000114e-02,2.844000000000000000e+03
1.300000000000000114e-02,2.582000000000000000e+03
1.300000000000000114e-02,1.513000000000000000e+03
1.300000000000000114e-02,2.651000000000000000e+03
1.300000000000000114e-02,2.683000000000000000e+03
1.300000000000000114e-02,2.260000000000000000e+03
1.300000000000000114e-02,2.511000000000000000e+03
1.300000000000000114e-02,3.579000000000000000e+03
1.300000000000000114e-02,2.031000000000000000e+03
1.300000000000000114e-02,1.903000000000000000e+03
1.300000000000000114e-02,3.353000000000000000e+03
1.300000000000000114e-02,2.588000000000000000e+03
1.300000000000000114e-02,1.484000000000000000e+03
1.300000000000000114e-02,2.730000000000000000e+03
1.300000000000000114e-02,2.847000000000000000e+03
1.300000000000000114e-02,3.129000000000000000e+03
1.300000000000000114e-02,2.310000000000000000e+03
1.300000000000000114e-02,1.470000000000000000e+03
1.300000000000000114e-02,1.394000000000000000e+03
1.300000000000000114e-02,3.013000000000000000e+03
1.300000000000000114e-02,2.529000000000000000e+03
1.300000000000000114e-02,2.267000000000000000e+03
1.300000000000000114e-02,3.462000000000000000e+03
1.300000000000000114e-02,2.965000000000000000e+03
1.300000000000000114e-02,2.952000000000000000e+03
1.300000000000000114e-02,1.918000000000000000e+03
1.300000000000000114e-02,2.547000000000000000e+03
1.300000000000000114e-02,2.529000000000000000e+03
1.300000000000000114e-02,2.765000000000000000e+03
1.400000000000000203e-02,2.457000000000000000e+03
1.400000000000000203e-02,2.257000000000000000e+03
1.400000000000000203e-02,1.263000000000000000e+03
1.400000000000000203e-02,2.283000000000000000e+03
1.400000000000000203e-02,2.285000000000000000e+03
1.400000000000000203e-02,1.929000000000000000e+03
1.400000000000000203e-02,2.193000000000000000e+03
1.400000000000000203e-02,3.152000000000000000e+03
1.400000000000000203e-02,1.747000000000000000e+03
1.400000000000000203e-02,1.592000000000000000e+03
1.400000000000000203e-02,2.862000000000000000e+03
1.400000000000000203e-02,2.224000000000000000e+03
1.400000000000000203e-02,1.221000000000000000e+03
1.400000000000000203e-02,2.273000000000000000e+03
1.400000000000000203e-02,2.433000000000000000e+03
1.400000000000000203e-02,2.663000000000000000e+03
1.400000000000000203e-02,1.923000000000000000e+03
1.400000000000000203e-02,1.255000000000000000e+03
1.400000000000000203e-02,1.171000000000000000e+03
1.400000000000000203e-02,2.618000000000000000e+03
1.400000000000000203e-02,2.134000000000000000e+03
1.400000000000000203e-02,1.973000000000000000e+03
1.400000000000000203e-02,3.023000000000000000e+03
1.400000000000000203e-02,2.429000000000000000e+03
1.400000000000000203e-02,2.512000000000000000e+03
1.400000000000000203e-02,1.642000000000000000e+03
1.400000000000000203e-02,2.187000000000000000e+03
1.400000000000000203e-02,2.120000000000000000e+03
1.400000000000000203e-02,2.323000000000000000e+03
1.499999999999999944e-02,2.141000000000000000e+03
1.499999999999999944e-02,1.952000000000000000e+03
1.499999999999999944e-02,1.048000000000000000e+03
1.499999999999999944e-02,1.920000000000000000e+03
1.499999999999999944e-02,1.934000000000000000e+03
1.499999999999999944e-02,1.639000000000000000e+03
1.499999999999999944e-02,1.916000000000000000e+03
1.499999999999999944e-02,2.762000000000000000e+03
1.499999999999999944e-02,1.469000000000000000e+03
1.499999999999999944e-02,1.355000000000000000e+03
1.499999999999999944e-02,2.470000000000000000e+03
1.499999999999999944e-02,1.892000000000000000e+03
1.499999999999999944e-02,1.009000000000000000e+03
1.499999999999999944e-02,1.928000000000000000e+03
1.499999999999999944e-02,2.099000000000000000e+03
1.499999999999999944e-02,2.246000000000000000e+03
1.499999999999999944e-02,1.621000000000000000e+03
1.499999999999999944e-02,1.068000000000000000e+03
1.499999999999999944e-02,1.003000000000000000e+03
1.499999999999999944e-02,2.298000000000000000e+03
1.499999999999999944e-02,1.797000000000000000e+03
1.499999999999999944e-02,1.749000000000000000e+03
1.499999999999999944e-02,2.615000000000000000e+03
1.499999999999999944e-02,1.999000000000000000e+03
1.499999999999999944e-02,2.129000000000000000e+03
1.499999999999999944e-02,1.428000000000000000e+03
1.499999999999999944e-02,1.866000000000000000e+03
1.499999999999999944e-02,1.816000000000000000e+03
1.499999999999999944e-02,1.940000000000000000e+03
1.600000000000000033e-02,1.845000000000000000e+03
1.600000000000000033e-02,1.710000000000000000e+03
1.600000000000000033e-02,1.605000000000000000e+03
1.600000000000000033e-02,1.617000000000000000e+03
1.600000000000000033e-02,1.405000000000000000e+03
1.600000000000000033e-02,1.660000000000000000e+03
1.600000000000000033e-02,2.431000000000000000e+03
1.600000000000000033e-02,1.253000000000000000e+03
1.600000000000000033e-02,1.137000000000000000e+03
1.600000000000000033e-02,2.078000000000000000e+03
1.600000000000000033e-02,1.584000000000000000e+03
1.600000000000000033e-02,1.649000000000000000e+03
1.600000000000000033e-02,1.765000000000000000e+03
1.600000000000000033e-02,1.935000000000000000e+03
1.600000000000000033e-02,1.350000000000000000e+03
1.600000000000000033e-02,2.018000000000000000e+03
1.600000000000000033e-02,1.531000000000000000e+03
1.600000000000000033e-02,1.564000000000000000e+03
1.600000000000000033e-02,2.270000000000000000e+03
1.600000000000000033e-02,1.656000000000000000e+03
1.600000000000000033e-02,1.809000000000000000e+03
1.600000000000000033e-02,1.248000000000000000e+03
1.600000000000000033e-02,1.599000000000000000e+03
1.600000000000000033e-02,1.535000000000000000e+03
1.600000000000000033e-02,1.650000000000000000e+03
1.700000000000000122e-02,1.620000000000000000e+03
1.700000000000000122e-02,1.483000000000000000e+03
1.700000000000000122e-02,1.377000000000000000e+03
1.700000000000000122e-02,1.385000000000000000e+03
1.700000000000000122e-02,1.232000000000000000e+03
1.700000000000000122e-02,1.419000000000000000e+03
1.700000000000000122e-02,2.107000000000000000e+03
1.700000000000000122e-02,1.028000000000000000e+03
1.700000000000000122e-02,1.790000000000000000e+03
1.700000000000000122e-02,1.369000000000000000e+03
1.700000000000000122e-02,1.433000000000000000e+03
1.700000000000000122e-02,1.519000000000000000e+03
1.700000000000000122e-02,1.632000000000000000e+03
1.700000000000000122e-02,1.164000000000000000e+03
1.700000000000000122e-02,1.760000000000000000e+03
1.700000000000000122e-02,1.312000000000000000e+03
1.700000000000000122e-02,1.392000000000000000e+03
1.700000000000000122e-02,1.985000000000000000e+03
1.700000000000000122e-02,1.385000000000000000e+03
1.700000000000000122e-02,1.545000000000000000e+03
1.700000000000000122e-02,1.093000000000000000e+03
1.700000000000000122e-02,1.378000000000000000e+03
1.700000000000000122e-02,1.304000000000000000e+03
1.700000000000000122e-02,1.390000000000000000e+03
1.800000000000000211e-02,1.413000000000000000e+03
1.800000000000000211e-02,1.279000000000000000e+03
1.800000000000000211e-02,1.163000000000000000e+03
1.800000000000000211e-02,1.199000000000000000e+03
1.800000000000000211e-02,1.053000000000000000e+03
1.800000000000000211e-02,1.207000000000000000e+03
1.800000000000000211e-02,1.824000000000000000e+03
1.800000000000000211e-02,1.550000000000000000e+03
1.800000000000000211e-02,1.151000000000000000e+03
1.800000000000000211e-02,1.230000000000000000e+03
1.800000000000000211e-02,1.310000000000000000e+03
1.800000000000000211e-02,1.395000000000000000e+03
1.800000000000000211e-02,1.521000000000000000e+03
1.800000000000000211e-02,1.132000000000000000e+03
1.800000000000000211e-02,1.243000000000000000e+03
1.800000000000000211e-02,1.737000000000000000e+03
1.800000000000000211e-02,1.196000000000000000e+03
1.800000000000000211e-02,1.352000000000000000e+03
1.800000000000000211e-02,1.201000000000000000e+03
1.800000000000000211e-02,1.123000000000000000e+03
1.800000000000000211e-02,1.185000000000000000e+03
1.900000000000000300e-02,1.224000000000000000e+03
1.900000000000000300e-02,1.138000000000000000e+03
1.900000000000000300e-02,1.012000000000000000e+03
1.900000000000000300e-02,1.024000000000000000e+03
1.900000000000000300e-02,1.623000000000000000e+03
1.900000000000000300e-02,1.316000000000000000e+03
1.900000000000000300e-02,1.054000000000000000e+03
1.900000000000000300e-02,1.149000000000000000e+03
1.900000000000000300e-02,1.192000000000000000e+03
1.900000000000000300e-02,1.297000000000000000e+03
1.900000000000000300e-02,1.097000000000000000e+03
1.900000000000000300e-02,1.528000000000000000e+03
1.900000000000000300e-02,1.007000000000000000e+03
1.900000000000000300e-02,1.169000000000000000e+03
1.900000000000000300e-02,1.046000000000000000e+03
1.900000000000000300e-02,1.008000000000000000e+03
2.000000000000000042e-02,1.074000000000000000e+03
2.000000000000000042e-02,1.444000000000000000e+03
2.000000000000000042e-02,1.132000000000000000e+03
2.000000000000000042e-02,1.014000000000000000e+03
2.000000000000000042e-02,1.115000000000000000e+03
2.000000000000000042e-02,1.352000000000000000e+03
2.000000000000000042e-02,1.013000000000000000e+03
2.100000000000000130e-02,1.290000000000000000e+03
2.100000000000000130e-02,1.188000000000000000e+03
2.200000000000000219e-02,1.133000000000000000e+03
2.200000000000000219e-02,1.053000000000000000e+03
