threshold, avg_num_keypoints
1.000000000000000021e-03,2.931800000000000000e+04
1.000000000000000021e-03,3.103000000000000000e+04
1.000000000000000021e-03,3.421600000000000000e+04
1.000000000000000021e-03,3.929500000000000000e+04
1.000000000000000021e-03,4.225300000000000000e+04
1.000000000000000021e-03,2.665200000000000000e+04
1.000000000000000021e-03,3.566900000000000000e+04
1.000000000000000021e-03,3.266800000000000000e+04
1.000000000000000021e-03,2.220100000000000000e+04
1.000000000000000021e-03,3.513100000000000000e+04
1.000000000000000021e-03,4.754000000000000000e+04
1.000000000000000021e-03,3.401500000000000000e+04
1.000000000000000021e-03,3.142300000000000000e+04
1.000000000000000021e-03,3.584900000000000000e+04
1.000000000000000021e-03,3.962500000000000000e+04
1.000000000000000021e-03,4.173600000000000000e+04
1.000000000000000021e-03,3.690500000000000000e+04
1.000000000000000021e-03,3.342300000000000000e+04
1.000000000000000021e-03,2.680600000000000000e+04
1.000000000000000021e-03,4.002300000000000000e+04
1.000000000000000021e-03,4.679400000000000000e+04
1.000000000000000021e-03,2.337500000000000000e+04
1.000000000000000021e-03,3.123000000000000000e+04
1.000000000000000021e-03,5.346000000000000000e+04
1.000000000000000021e-03,3.998000000000000000e+04
1.000000000000000021e-03,2.867000000000000000e+04
1.000000000000000021e-03,3.274000000000000000e+04
1.000000000000000021e-03,4.040400000000000000e+04
1.000000000000000021e-03,4.023700000000000000e+04
2.000000000000000042e-03,1.624200000000000000e+04
2.000000000000000042e-03,1.700900000000000000e+04
2.000000000000000042e-03,1.627800000000000000e+04
2.000000000000000042e-03,2.379000000000000000e+04
2.000000000000000042e-03,2.561600000000000000e+04
2.000000000000000042e-03,1.479500000000000000e+04
2.000000000000000042e-03,1.855200000000000000e+04
2.000000000000000042e-03,1.930200000000000000e+04
2.000000000000000042e-03,1.178900000000000000e+04
2.000000000000000042e-03,1.927700000000000000e+04
2.000000000000000042e-03,2.808100000000000000e+04
2.000000000000000042e-03,2.028200000000000000e+04
2.000000000000000042e-03,1.531000000000000000e+04
2.000000000000000042e-03,2.212000000000000000e+04
2.000000000000000042e-03,2.198800000000000000e+04
2.000000000000000042e-03,2.504500000000000000e+04
2.000000000000000042e-03,2.103800000000000000e+04
2.000000000000000042e-03,1.666600000000000000e+04
2.000000000000000042e-03,1.423200000000000000e+04
2.000000000000000042e-03,2.289600000000000000e+04
2.000000000000000042e-03,2.648100000000000000e+04
2.000000000000000042e-03,1.223900000000000000e+04
2.000000000000000042e-03,1.802600000000000000e+04
2.000000000000000042e-03,3.142200000000000000e+04
2.000000000000000042e-03,2.276600000000000000e+04
2.000000000000000042e-03,1.577700000000000000e+04
2.000000000000000042e-03,1.925100000000000000e+04
2.000000000000000042e-03,2.338300000000000000e+04
2.000000000000000042e-03,2.350600000000000000e+04
3.000000000000000062e-03,1.110100000000000000e+04
3.000000000000000062e-03,1.096500000000000000e+04
3.000000000000000062e-03,9.139000000000000000e+03
3.000000000000000062e-03,1.646300000000000000e+04
3.000000000000000062e-03,1.755200000000000000e+04
3.000000000000000062e-03,9.736000000000000000e+03
3.000000000000000062e-03,1.144800000000000000e+04
3.000000000000000062e-03,1.341100000000000000e+04
3.000000000000000062e-03,7.935000000000000000e+03
3.000000000000000062e-03,1.225300000000000000e+04
3.000000000000000062e-03,1.799200000000000000e+04
3.000000000000000062e-03,1.360900000000000000e+04
3.000000000000000062e-03,8.884000000000000000e+03
3.000000000000000062e-03,1.580500000000000000e+04
3.000000000000000062e-03,1.390300000000000000e+04
3.000000000000000062e-03,1.710900000000000000e+04
3.000000000000000062e-03,1.304500000000000000e+04
3.000000000000000062e-03,9.606000000000000000e+03
3.000000000000000062e-03,9.031000000000000000e+03
3.000000000000000062e-03,1.517200000000000000e+04
3.000000000000000062e-03,1.654800000000000000e+04
3.000000000000000062e-03,7.761000000000000000e+03
3.000000000000000062e-03,1.204800000000000000e+04
3.000000000000000062e-03,2.084900000000000000e+04
3.000000000000000062e-03,1.421600000000000000e+04
3.000000000000000062e-03,1.010300000000000000e+04
3.000000000000000062e-03,1.306400000000000000e+04
3.000000000000000062e-03,1.495200000000000000e+04
3.000000000000000062e-03,1.498500000000000000e+04
4.000000000000000083e-03,7.492000000000000000e+03
4.000000000000000083e-03,7.721000000000000000e+03
4.000000000000000083e-03,5.620000000000000000e+03
4.000000000000000083e-03,1.193100000000000000e+04
4.000000000000000083e-03,1.254300000000000000e+04
4.000000000000000083e-03,6.716000000000000000e+03
4.000000000000000083e-03,7.731000000000000000e+03
4.000000000000000083e-03,9.712000000000000000e+03
4.000000000000000083e-03,5.534000000000000000e+03
4.000000000000000083e-03,7.799000000000000000e+03
4.000000000000000083e-03,1.206000000000000000e+04
4.000000000000000083e-03,9.670000000000000000e+03
4.000000000000000083e-03,5.522000000000000000e+03
4.000000000000000083e-03,1.164800000000000000e+04
4.000000000000000083e-03,9.369000000000000000e+03
4.000000000000000083e-03,1.205600000000000000e+04
4.000000000000000083e-03,8.666000000000000000e+03
4.000000000000000083e-03,5.950000000000000000e+03
4.000000000000000083e-03,5.740000000000000000e+03
4.000000000000000083e-03,1.091500000000000000e+04
4.000000000000000083e-03,1.113400000000000000e+04
4.000000000000000083e-03,5.197000000000000000e+03
4.000000000000000083e-03,8.454000000000000000e+03
4.000000000000000083e-03,1.498900000000000000e+04
4.000000000000000083e-03,9.378000000000000000e+03
4.000000000000000083e-03,6.668000000000000000e+03
4.000000000000000083e-03,9.590000000000000000e+03
4.000000000000000083e-03,1.021600000000000000e+04
4.000000000000000083e-03,1.004800000000000000e+04
5.000000000000000104e-03,5.213000000000000000e+03
5.000000000000000104e-03,5.524000000000000000e+03
5.000000000000000104e-03,3.727000000000000000e+03
5.000000000000000104e-03,8.515000000000000000e+03
5.000000000000000104e-03,8.807000000000000000e+03
5.000000000000000104e-03,4.820000000000000000e+03
5.000000000000000104e-03,5.274000000000000000e+03
5.000000000000000104e-03,7.178000000000000000e+03
5.000000000000000104e-03,3.943000000000000000e+03
5.000000000000000104e-03,5.103000000000000000e+03
5.000000000000000104e-03,8.374000000000000000e+03
5.000000000000000104e-03,6.973000000000000000e+03
5.000000000000000104e-03,3.702000000000000000e+03
5.000000000000000104e-03,8.475000000000000000e+03
5.000000000000000104e-03,6.377000000000000000e+03
5.000000000000000104e-03,8.626000000000000000e+03
5.000000000000000104e-03,6.042000000000000000e+03
5.000000000000000104e-03,3.985000000000000000e+03
5.000000000000000104e-03,3.839000000000000000e+03
5.000000000000000104e-03,8.242000000000000000e+03
5.000000000000000104e-03,7.785000000000000000e+03
5.000000000000000104e-03,3.792000000000000000e+03
5.000000000000000104e-03,6.096000000000000000e+03
5.000000000000000104e-03,1.082400000000000000e+04
5.000000000000000104e-03,6.536000000000000000e+03
5.000000000000000104e-03,4.608000000000000000e+03
5.000000000000000104e-03,7.346000000000000000e+03
5.000000000000000104e-03,7.186000000000000000e+03
5.000000000000000104e-03,6.968000000000000000e+03
6.000000000000000125e-03,3.794000000000000000e+03
6.000000000000000125e-03,4.081000000000000000e+03
6.000000000000000125e-03,2.645000000000000000e+03
6.000000000000000125e-03,6.203000000000000000e+03
6.000000000000000125e-03,6.356000000000000000e+03
6.000000000000000125e-03,3.622000000000000000e+03
6.000000000000000125e-03,3.834000000000000000e+03
6.000000000000000125e-03,5.479000000000000000e+03
6.000000000000000125e-03,2.931000000000000000e+03
6.000000000000000125e-03,3.646000000000000000e+03
6.000000000000000125e-03,5.984000000000000000e+03
6.000000000000000125e-03,5.116000000000000000e+03
6.000000000000000125e-03,2.636000000000000000e+03
6.000000000000000125e-03,6.229000000000000000e+03
6.000000000000000125e-03,4.557000000000000000e+03
6.000000000000000125e-03,6.374000000000000000e+03
6.000000000000000125e-03,4.294000000000000000e+03
6.000000000000000125e-03,2.732000000000000000e+03
6.000000000000000125e-03,2.774000000000000000e+03
6.000000000000000125e-03,6.228000000000000000e+03
6.000000000000000125e-03,5.501000000000000000e+03
6.000000000000000125e-03,2.831000000000000000e+03
6.000000000000000125e-03,4.613000000000000000e+03
6.000000000000000125e-03,7.863000000000000000e+03
6.000000000000000125e-03,4.667000000000000000e+03
6.000000000000000125e-03,3.369000000000000000e+03
6.000000000000000125e-03,5.432000000000000000e+03
6.000000000000000125e-03,5.165000000000000000e+03
6.000000000000000125e-03,4.969000000000000000e+03
7.000000000000000146e-03,2.905000000000000000e+03
7.000000000000000146e-03,3.090000000000000000e+03
7.000000000000000146e-03,1.907000000000000000e+03
7.000000000000000146e-03,4.621000000000000000e+03
7.000000000000000146e-03,4.874000000000000000e+03
7.000000000000000146e-03,2.877000000000000000e+03
7.000000000000000146e-03,2.892000000000000000e+03
7.000000000000000146e-03,4.295000000000000000e+03
7.000000000000000146e-03,2.288000000000000000e+03
7.000000000000000146e-03,2.744000000000000000e+03
7.000000000000000146e-03,4.450000000000000000e+03
7.000000000000000146e-03,3.890000000000000000e+03
7.000000000000000146e-03,1.926000000000000000e+03
7.000000000000000146e-03,4.877000000000000000e+03
7.000000000000000146e-03,3.443000000000000000e+03
7.000000000000000146e-03,4.918000000000000000e+03
7.000000000000000146e-03,3.091000000000000000e+03
7.000000000000000146e-03,1.985000000000000000e+03
7.000000000000000146e-03,2.127000000000000000e+03
7.000000000000000146e-03,4.822000000000000000e+03
7.000000000000000146e-03,4.068000000000000000e+03
7.000000000000000146e-03,2.146000000000000000e+03
7.000000000000000146e-03,3.537000000000000000e+03
7.000000000000000146e-03,5.720000000000000000e+03
7.000000000000000146e-03,3.453000000000000000e+03
7.000000000000000146e-03,2.557000000000000000e+03
7.000000000000000146e-03,4.202000000000000000e+03
7.000000000000000146e-03,3.878000000000000000e+03
7.000000000000000146e-03,3.621000000000000000e+03
8.000000000000000167e-03,2.245000000000000000e+03
8.000000000000000167e-03,2.438000000000000000e+03
8.000000000000000167e-03,1.413000000000000000e+03
8.000000000000000167e-03,3.612000000000000000e+03
8.000000000000000167e-03,3.794000000000000000e+03
8.000000000000000167e-03,2.282000000000000000e+03
8.000000000000000167e-03,2.249000000000000000e+03
8.000000000000000167e-03,3.397000000000000000e+03
8.000000000000000167e-03,1.861000000000000000e+03
8.000000000000000167e-03,2.066000000000000000e+03
8.000000000000000167e-03,3.404000000000000000e+03
8.000000000000000167e-03,3.025000000000000000e+03
8.000000000000000167e-03,1.442000000000000000e+03
8.000000000000000167e-03,3.854000000000000000e+03
8.000000000000000167e-03,2.624000000000000000e+03
8.000000000000000167e-03,3.888000000000000000e+03
8.000000000000000167e-03,2.286000000000000000e+03
8.000000000000000167e-03,1.368000000000000000e+03
8.000000000000000167e-03,1.642000000000000000e+03
8.000000000000000167e-03,3.831000000000000000e+03
8.000000000000000167e-03,3.125000000000000000e+03
8.000000000000000167e-03,1.668000000000000000e+03
8.000000000000000167e-03,2.775000000000000000e+03
8.000000000000000167e-03,4.337000000000000000e+03
8.000000000000000167e-03,2.589000000000000000e+03
8.000000000000000167e-03,2.008000000000000000e+03
8.000000000000000167e-03,3.250000000000000000e+03
8.000000000000000167e-03,2.962000000000000000e+03
8.000000000000000167e-03,2.667000000000000000e+03
9.000000000000001055e-03,1.760000000000000000e+03
9.000000000000001055e-03,1.959000000000000000e+03
9.000000000000001055e-03,1.029000000000000000e+03
9.000000000000001055e-03,2.882000000000000000e+03
9.000000000000001055e-03,3.058000000000000000e+03
9.000000000000001055e-03,1.832000000000000000e+03
9.000000000000001055e-03,1.793000000000000000e+03
9.000000000000001055e-03,2.740000000000000000e+03
9.000000000000001055e-03,1.517000000000000000e+03
9.000000000000001055e-03,1.555000000000000000e+03
9.000000000000001055e-03,2.602000000000000000e+03
9.000000000000001055e-03,2.364000000000000000e+03
9.000000000000001055e-03,1.054000000000000000e+03
9.000000000000001055e-03,3.096000000000000000e+03
9.000000000000001055e-03,2.019000000000000000e+03
9.000000000000001055e-03,3.107000000000000000e+03
9.000000000000001055e-03,1.682000000000000000e+03
9.000000000000001055e-03,1.027000000000000000e+03
9.000000000000001055e-03,1.268000000000000000e+03
9.000000000000001055e-03,3.136000000000000000e+03
9.000000000000001055e-03,2.393000000000000000e+03
9.000000000000001055e-03,1.346000000000000000e+03
9.000000000000001055e-03,2.212000000000000000e+03
9.000000000000001055e-03,3.304000000000000000e+03
9.000000000000001055e-03,1.990000000000000000e+03
9.000000000000001055e-03,1.581000000000000000e+03
9.000000000000001055e-03,2.600000000000000000e+03
9.000000000000001055e-03,2.314000000000000000e+03
9.000000000000001055e-03,2.014000000000000000e+03
1.000000000000000194e-02,1.385000000000000000e+03
1.000000000000000194e-02,1.595000000000000000e+03
1.000000000000000194e-02,7.760000000000000000e+02
1.000000000000000194e-02,2.328000000000000000e+03
1.000000000000000194e-02,2.496000000000000000e+03
1.000000000000000194e-02,1.523000000000000000e+03
1.000000000000000194e-02,1.418000000000000000e+03
1.000000000000000194e-02,2.286000000000000000e+03
1.000000000000000194e-02,1.216000000000000000e+03
1.000000000000000194e-02,1.195000000000000000e+03
1.000000000000000194e-02,2.013000000000000000e+03
1.000000000000000194e-02,1.913000000000000000e+03
1.000000000000000194e-02,7.530000000000000000e+02
1.000000000000000194e-02,2.589000000000000000e+03
1.000000000000000194e-02,1.579000000000000000e+03
1.000000000000000194e-02,2.459000000000000000e+03
1.000000000000000194e-02,1.253000000000000000e+03
1.000000000000000194e-02,7.850000000000000000e+02
1.000000000000000194e-02,9.640000000000000000e+02
1.000000000000000194e-02,2.606000000000000000e+03
1.000000000000000194e-02,1.837000000000000000e+03
1.000000000000000194e-02,1.075000000000000000e+03
1.000000000000000194e-02,1.776000000000000000e+03
1.000000000000000194e-02,2.570000000000000000e+03
1.000000000000000194e-02,1.567000000000000000e+03
1.000000000000000194e-02,1.241000000000000000e+03
1.000000000000000194e-02,2.180000000000000000e+03
1.000000000000000194e-02,1.844000000000000000e+03
1.000000000000000194e-02,1.526000000000000000e+03
1.099999999999999936e-02,1.097000000000000000e+03
1.099999999999999936e-02,1.300000000000000000e+03
1.099999999999999936e-02,6.020000000000000000e+02
1.099999999999999936e-02,1.824000000000000000e+03
1.099999999999999936e-02,2.041000000000000000e+03
1.099999999999999936e-02,1.189000000000000000e+03
1.099999999999999936e-02,1.114000000000000000e+03
1.099999999999999936e-02,1.899000000000000000e+03
1.099999999999999936e-02,9.720000000000000000e+02
1.099999999999999936e-02,8.980000000000000000e+02
1.099999999999999936e-02,1.545000000000000000e+03
1.099999999999999936e-02,1.523000000000000000e+03
1.099999999999999936e-02,5.700000000000000000e+02
1.099999999999999936e-02,2.138000000000000000e+03
1.099999999999999936e-02,1.253000000000000000e+03
1.099999999999999936e-02,1.942000000000000000e+03
1.099999999999999936e-02,9.320000000000000000e+02
1.099999999999999936e-02,5.940000000000000000e+02
1.099999999999999936e-02,7.210000000000000000e+02
1.099999999999999936e-02,2.233000000000000000e+03
1.099999999999999936e-02,1.431000000000000000e+03
1.099999999999999936e-02,8.860000000000000000e+02
1.099999999999999936e-02,1.416000000000000000e+03
1.099999999999999936e-02,2.023000000000000000e+03
1.099999999999999936e-02,1.214000000000000000e+03
1.099999999999999936e-02,9.570000000000000000e+02
1.099999999999999936e-02,1.785000000000000000e+03
1.099999999999999936e-02,1.462000000000000000e+03
1.099999999999999936e-02,1.163000000000000000e+03
1.200000000000000025e-02,8.550000000000000000e+02
1.200000000000000025e-02,1.052000000000000000e+03
1.200000000000000025e-02,4.750000000000000000e+02
1.200000000000000025e-02,1.447000000000000000e+03
1.200000000000000025e-02,1.575000000000000000e+03
1.200000000000000025e-02,9.310000000000000000e+02
1.200000000000000025e-02,8.720000000000000000e+02
1.200000000000000025e-02,1.528000000000000000e+03
1.200000000000000025e-02,7.390000000000000000e+02
1.200000000000000025e-02,6.530000000000000000e+02
1.200000000000000025e-02,1.208000000000000000e+03
1.200000000000000025e-02,1.205000000000000000e+03
1.200000000000000025e-02,4.360000000000000000e+02
1.200000000000000025e-02,1.750000000000000000e+03
1.200000000000000025e-02,9.690000000000000000e+02
1.200000000000000025e-02,1.497000000000000000e+03
1.200000000000000025e-02,6.940000000000000000e+02
1.200000000000000025e-02,4.580000000000000000e+02
1.200000000000000025e-02,5.640000000000000000e+02
1.200000000000000025e-02,1.908000000000000000e+03
1.200000000000000025e-02,1.110000000000000000e+03
1.200000000000000025e-02,7.200000000000000000e+02
1.200000000000000025e-02,1.130000000000000000e+03
1.200000000000000025e-02,1.628000000000000000e+03
1.200000000000000025e-02,9.250000000000000000e+02
1.200000000000000025e-02,7.570000000000000000e+02
1.200000000000000025e-02,1.484000000000000000e+03
1.200000000000000025e-02,1.139000000000000000e+03
1.200000000000000025e-02,8.950000000000000000e+02
1.300000000000000114e-02,6.740000000000000000e+02
1.300000000000000114e-02,8.500000000000000000e+02
1.300000000000000114e-02,3.700000000000000000e+02
1.300000000000000114e-02,1.145000000000000000e+03
1.300000000000000114e-02,1.268000000000000000e+03
1.300000000000000114e-02,7.120000000000000000e+02
1.300000000000000114e-02,6.600000000000000000e+02
1.300000000000000114e-02,1.286000000000000000e+03
1.300000000000000114e-02,5.900000000000000000e+02
1.300000000000000114e-02,4.900000000000000000e+02
1.300000000000000114e-02,9.530000000000000000e+02
1.300000000000000114e-02,9.430000000000000000e+02
1.300000000000000114e-02,3.280000000000000000e+02
1.300000000000000114e-02,1.418000000000000000e+03
1.300000000000000114e-02,7.790000000000000000e+02
1.300000000000000114e-02,1.162000000000000000e+03
1.300000000000000114e-02,5.300000000000000000e+02
1.300000000000000114e-02,3.530000000000000000e+02
1.300000000000000114e-02,4.390000000000000000e+02
1.300000000000000114e-02,1.653000000000000000e+03
1.300000000000000114e-02,8.790000000000000000e+02
1.300000000000000114e-02,6.110000000000000000e+02
1.300000000000000114e-02,8.970000000000000000e+02
1.300000000000000114e-02,1.313000000000000000e+03
1.300000000000000114e-02,7.190000000000000000e+02
1.300000000000000114e-02,6.190000000000000000e+02
1.300000000000000114e-02,1.237000000000000000e+03
1.300000000000000114e-02,8.890000000000000000e+02
1.300000000000000114e-02,7.030000000000000000e+02
1.400000000000000203e-02,5.320000000000000000e+02
1.400000000000000203e-02,6.920000000000000000e+02
1.400000000000000203e-02,3.130000000000000000e+02
1.400000000000000203e-02,8.980000000000000000e+02
1.400000000000000203e-02,1.013000000000000000e+03
1.400000000000000203e-02,5.430000000000000000e+02
1.400000000000000203e-02,4.780000000000000000e+02
1.400000000000000203e-02,1.057000000000000000e+03
1.400000000000000203e-02,4.520000000000000000e+02
1.400000000000000203e-02,3.780000000000000000e+02
1.400000000000000203e-02,7.570000000000000000e+02
1.400000000000000203e-02,7.450000000000000000e+02
1.400000000000000203e-02,2.550000000000000000e+02
1.400000000000000203e-02,1.120000000000000000e+03
1.400000000000000203e-02,6.290000000000000000e+02
1.400000000000000203e-02,8.790000000000000000e+02
1.400000000000000203e-02,4.090000000000000000e+02
1.400000000000000203e-02,2.840000000000000000e+02
1.400000000000000203e-02,3.280000000000000000e+02
1.400000000000000203e-02,1.402000000000000000e+03
1.400000000000000203e-02,6.970000000000000000e+02
1.400000000000000203e-02,5.210000000000000000e+02
1.400000000000000203e-02,7.510000000000000000e+02
1.400000000000000203e-02,1.089000000000000000e+03
1.400000000000000203e-02,5.720000000000000000e+02
1.400000000000000203e-02,4.880000000000000000e+02
1.400000000000000203e-02,1.031000000000000000e+03
1.400000000000000203e-02,7.040000000000000000e+02
1.400000000000000203e-02,5.500000000000000000e+02
1.499999999999999944e-02,4.110000000000000000e+02
1.499999999999999944e-02,5.550000000000000000e+02
1.499999999999999944e-02,2.480000000000000000e+02
1.499999999999999944e-02,7.180000000000000000e+02
1.499999999999999944e-02,7.950000000000000000e+02
1.499999999999999944e-02,4.150000000000000000e+02
1.499999999999999944e-02,3.240000000000000000e+02
1.499999999999999944e-02,8.770000000000000000e+02
1.499999999999999944e-02,3.520000000000000000e+02
1.499999999999999944e-02,2.750000000000000000e+02
1.499999999999999944e-02,5.970000000000000000e+02
1.499999999999999944e-02,5.860000000000000000e+02
1.499999999999999944e-02,2.080000000000000000e+02
1.499999999999999944e-02,9.120000000000000000e+02
1.499999999999999944e-02,5.010000000000000000e+02
1.499999999999999944e-02,6.860000000000000000e+02
1.499999999999999944e-02,3.170000000000000000e+02
1.499999999999999944e-02,2.250000000000000000e+02
1.499999999999999944e-02,2.540000000000000000e+02
1.499999999999999944e-02,1.176000000000000000e+03
1.499999999999999944e-02,5.620000000000000000e+02
1.499999999999999944e-02,4.370000000000000000e+02
1.499999999999999944e-02,6.090000000000000000e+02
1.499999999999999944e-02,8.690000000000000000e+02
1.499999999999999944e-02,4.690000000000000000e+02
1.499999999999999944e-02,4.010000000000000000e+02
1.499999999999999944e-02,8.530000000000000000e+02
1.499999999999999944e-02,5.520000000000000000e+02
1.499999999999999944e-02,4.260000000000000000e+02
1.600000000000000033e-02,3.270000000000000000e+02
1.600000000000000033e-02,4.500000000000000000e+02
1.600000000000000033e-02,1.900000000000000000e+02
1.600000000000000033e-02,5.570000000000000000e+02
1.600000000000000033e-02,6.300000000000000000e+02
1.600000000000000033e-02,3.280000000000000000e+02
1.600000000000000033e-02,2.400000000000000000e+02
1.600000000000000033e-02,7.610000000000000000e+02
1.600000000000000033e-02,2.810000000000000000e+02
1.600000000000000033e-02,2.220000000000000000e+02
1.600000000000000033e-02,4.780000000000000000e+02
1.600000000000000033e-02,4.480000000000000000e+02
1.600000000000000033e-02,1.750000000000000000e+02
1.600000000000000033e-02,7.440000000000000000e+02
1.600000000000000033e-02,3.960000000000000000e+02
1.600000000000000033e-02,5.460000000000000000e+02
1.600000000000000033e-02,2.470000000000000000e+02
1.600000000000000033e-02,1.820000000000000000e+02
1.600000000000000033e-02,2.000000000000000000e+02
1.600000000000000033e-02,9.640000000000000000e+02
1.600000000000000033e-02,4.520000000000000000e+02
1.600000000000000033e-02,3.660000000000000000e+02
1.600000000000000033e-02,4.940000000000000000e+02
1.600000000000000033e-02,7.110000000000000000e+02
1.600000000000000033e-02,3.620000000000000000e+02
1.600000000000000033e-02,3.160000000000000000e+02
1.600000000000000033e-02,7.140000000000000000e+02
1.600000000000000033e-02,4.370000000000000000e+02
1.600000000000000033e-02,3.440000000000000000e+02
1.700000000000000122e-02,2.680000000000000000e+02
1.700000000000000122e-02,3.630000000000000000e+02
1.700000000000000122e-02,1.510000000000000000e+02
1.700000000000000122e-02,4.470000000000000000e+02
1.700000000000000122e-02,4.930000000000000000e+02
1.700000000000000122e-02,2.600000000000000000e+02
1.700000000000000122e-02,1.710000000000000000e+02
1.700000000000000122e-02,6.360000000000000000e+02
1.700000000000000122e-02,2.230000000000000000e+02
1.700000000000000122e-02,1.730000000000000000e+02
1.700000000000000122e-02,3.840000000000000000e+02
1.700000000000000122e-02,3.330000000000000000e+02
1.700000000000000122e-02,1.430000000000000000e+02
1.700000000000000122e-02,5.990000000000000000e+02
1.700000000000000122e-02,3.150000000000000000e+02
1.700000000000000122e-02,4.270000000000000000e+02
1.700000000000000122e-02,1.930000000000000000e+02
1.700000000000000122e-02,1.610000000000000000e+02
1.700000000000000122e-02,1.600000000000000000e+02
1.700000000000000122e-02,7.840000000000000000e+02
1.700000000000000122e-02,3.860000000000000000e+02
1.700000000000000122e-02,3.180000000000000000e+02
1.700000000000000122e-02,4.190000000000000000e+02
1.700000000000000122e-02,5.590000000000000000e+02
1.700000000000000122e-02,3.040000000000000000e+02
1.700000000000000122e-02,2.600000000000000000e+02
1.700000000000000122e-02,6.040000000000000000e+02
1.700000000000000122e-02,3.520000000000000000e+02
1.700000000000000122e-02,2.660000000000000000e+02
1.800000000000000211e-02,2.180000000000000000e+02
1.800000000000000211e-02,3.050000000000000000e+02
1.800000000000000211e-02,1.290000000000000000e+02
1.800000000000000211e-02,3.560000000000000000e+02
1.800000000000000211e-02,3.820000000000000000e+02
1.800000000000000211e-02,2.030000000000000000e+02
1.800000000000000211e-02,1.200000000000000000e+02
1.800000000000000211e-02,5.330000000000000000e+02
1.800000000000000211e-02,1.730000000000000000e+02
1.800000000000000211e-02,1.420000000000000000e+02
1.800000000000000211e-02,3.220000000000000000e+02
1.800000000000000211e-02,2.670000000000000000e+02
1.800000000000000211e-02,1.210000000000000000e+02
1.800000000000000211e-02,4.860000000000000000e+02
1.800000000000000211e-02,2.490000000000000000e+02
1.800000000000000211e-02,3.390000000000000000e+02
1.800000000000000211e-02,1.650000000000000000e+02
1.800000000000000211e-02,1.320000000000000000e+02
1.800000000000000211e-02,1.220000000000000000e+02
1.800000000000000211e-02,6.370000000000000000e+02
1.800000000000000211e-02,3.170000000000000000e+02
1.800000000000000211e-02,2.750000000000000000e+02
1.800000000000000211e-02,3.520000000000000000e+02
1.800000000000000211e-02,4.540000000000000000e+02
1.800000000000000211e-02,2.670000000000000000e+02
1.800000000000000211e-02,2.160000000000000000e+02
1.800000000000000211e-02,5.150000000000000000e+02
1.800000000000000211e-02,2.720000000000000000e+02
1.800000000000000211e-02,2.030000000000000000e+02
1.900000000000000300e-02,1.720000000000000000e+02
1.900000000000000300e-02,2.540000000000000000e+02
1.900000000000000300e-02,1.050000000000000000e+02
1.900000000000000300e-02,2.880000000000000000e+02
1.900000000000000300e-02,3.080000000000000000e+02
1.900000000000000300e-02,1.650000000000000000e+02
1.900000000000000300e-02,9.600000000000000000e+01
1.900000000000000300e-02,4.610000000000000000e+02
1.900000000000000300e-02,1.420000000000000000e+02
1.900000000000000300e-02,1.170000000000000000e+02
1.900000000000000300e-02,2.620000000000000000e+02
1.900000000000000300e-02,2.170000000000000000e+02
1.900000000000000300e-02,9.800000000000000000e+01
1.900000000000000300e-02,4.010000000000000000e+02
1.900000000000000300e-02,2.030000000000000000e+02
1.900000000000000300e-02,2.760000000000000000e+02
1.900000000000000300e-02,1.400000000000000000e+02
1.900000000000000300e-02,1.130000000000000000e+02
1.900000000000000300e-02,9.200000000000000000e+01
1.900000000000000300e-02,5.130000000000000000e+02
1.900000000000000300e-02,2.640000000000000000e+02
1.900000000000000300e-02,2.370000000000000000e+02
1.900000000000000300e-02,2.860000000000000000e+02
1.900000000000000300e-02,3.730000000000000000e+02
1.900000000000000300e-02,2.290000000000000000e+02
1.900000000000000300e-02,1.760000000000000000e+02
1.900000000000000300e-02,4.330000000000000000e+02
1.900000000000000300e-02,2.120000000000000000e+02
1.900000000000000300e-02,1.530000000000000000e+02
2.000000000000000042e-02,1.470000000000000000e+02
2.000000000000000042e-02,2.150000000000000000e+02
2.000000000000000042e-02,8.400000000000000000e+01
2.000000000000000042e-02,2.310000000000000000e+02
2.000000000000000042e-02,2.500000000000000000e+02
2.000000000000000042e-02,1.390000000000000000e+02
2.000000000000000042e-02,7.600000000000000000e+01
2.000000000000000042e-02,3.820000000000000000e+02
2.000000000000000042e-02,1.150000000000000000e+02
2.000000000000000042e-02,9.500000000000000000e+01
2.000000000000000042e-02,2.080000000000000000e+02
2.000000000000000042e-02,1.790000000000000000e+02
2.000000000000000042e-02,8.500000000000000000e+01
2.000000000000000042e-02,3.410000000000000000e+02
2.000000000000000042e-02,1.570000000000000000e+02
2.000000000000000042e-02,2.310000000000000000e+02
2.000000000000000042e-02,1.140000000000000000e+02
2.000000000000000042e-02,9.200000000000000000e+01
2.000000000000000042e-02,7.900000000000000000e+01
2.000000000000000042e-02,4.250000000000000000e+02
2.000000000000000042e-02,2.260000000000000000e+02
2.000000000000000042e-02,1.970000000000000000e+02
2.000000000000000042e-02,2.320000000000000000e+02
2.000000000000000042e-02,3.120000000000000000e+02
2.000000000000000042e-02,1.890000000000000000e+02
2.000000000000000042e-02,1.520000000000000000e+02
2.000000000000000042e-02,3.500000000000000000e+02
2.000000000000000042e-02,1.640000000000000000e+02
2.000000000000000042e-02,1.280000000000000000e+02
2.100000000000000130e-02,1.250000000000000000e+02
2.100000000000000130e-02,1.900000000000000000e+02
2.100000000000000130e-02,6.700000000000000000e+01
2.100000000000000130e-02,1.960000000000000000e+02
2.100000000000000130e-02,2.070000000000000000e+02
2.100000000000000130e-02,1.130000000000000000e+02
2.100000000000000130e-02,7.100000000000000000e+01
2.100000000000000130e-02,3.140000000000000000e+02
2.100000000000000130e-02,8.900000000000000000e+01
2.100000000000000130e-02,8.100000000000000000e+01
2.100000000000000130e-02,1.720000000000000000e+02
2.100000000000000130e-02,1.440000000000000000e+02
2.100000000000000130e-02,7.300000000000000000e+01
2.100000000000000130e-02,3.020000000000000000e+02
2.100000000000000130e-02,1.370000000000000000e+02
2.100000000000000130e-02,1.980000000000000000e+02
2.100000000000000130e-02,9.800000000000000000e+01
2.100000000000000130e-02,7.700000000000000000e+01
2.100000000000000130e-02,6.600000000000000000e+01
2.100000000000000130e-02,3.470000000000000000e+02
2.100000000000000130e-02,1.940000000000000000e+02
2.100000000000000130e-02,1.570000000000000000e+02
2.100000000000000130e-02,1.980000000000000000e+02
2.100000000000000130e-02,2.560000000000000000e+02
2.100000000000000130e-02,1.570000000000000000e+02
2.100000000000000130e-02,1.290000000000000000e+02
2.100000000000000130e-02,2.710000000000000000e+02
2.100000000000000130e-02,1.320000000000000000e+02
2.100000000000000130e-02,1.110000000000000000e+02
2.200000000000000219e-02,1.000000000000000000e+02
2.200000000000000219e-02,1.650000000000000000e+02
2.200000000000000219e-02,5.800000000000000000e+01
2.200000000000000219e-02,1.610000000000000000e+02
2.200000000000000219e-02,1.650000000000000000e+02
2.200000000000000219e-02,9.400000000000000000e+01
2.200000000000000219e-02,5.500000000000000000e+01
2.200000000000000219e-02,2.680000000000000000e+02
2.200000000000000219e-02,7.300000000000000000e+01
2.200000000000000219e-02,7.300000000000000000e+01
2.200000000000000219e-02,1.440000000000000000e+02
2.200000000000000219e-02,1.190000000000000000e+02
2.200000000000000219e-02,6.500000000000000000e+01
2.200000000000000219e-02,2.620000000000000000e+02
2.200000000000000219e-02,1.090000000000000000e+02
2.200000000000000219e-02,1.580000000000000000e+02
2.200000000000000219e-02,8.900000000000000000e+01
2.200000000000000219e-02,6.600000000000000000e+01
2.200000000000000219e-02,5.700000000000000000e+01
2.200000000000000219e-02,2.910000000000000000e+02
2.200000000000000219e-02,1.660000000000000000e+02
2.200000000000000219e-02,1.370000000000000000e+02
2.200000000000000219e-02,1.650000000000000000e+02
2.200000000000000219e-02,1.990000000000000000e+02
2.200000000000000219e-02,1.370000000000000000e+02
2.200000000000000219e-02,1.120000000000000000e+02
2.200000000000000219e-02,2.200000000000000000e+02
2.200000000000000219e-02,1.130000000000000000e+02
2.200000000000000219e-02,9.100000000000000000e+01
2.299999999999999961e-02,8.600000000000000000e+01
2.299999999999999961e-02,1.400000000000000000e+02
2.299999999999999961e-02,5.000000000000000000e+01
2.299999999999999961e-02,1.300000000000000000e+02
2.299999999999999961e-02,1.490000000000000000e+02
2.299999999999999961e-02,7.900000000000000000e+01
2.299999999999999961e-02,4.800000000000000000e+01
2.299999999999999961e-02,2.270000000000000000e+02
2.299999999999999961e-02,6.500000000000000000e+01
2.299999999999999961e-02,5.900000000000000000e+01
2.299999999999999961e-02,1.180000000000000000e+02
2.299999999999999961e-02,1.010000000000000000e+02
2.299999999999999961e-02,6.000000000000000000e+01
2.299999999999999961e-02,2.320000000000000000e+02
2.299999999999999961e-02,9.400000000000000000e+01
2.299999999999999961e-02,1.320000000000000000e+02
2.299999999999999961e-02,7.000000000000000000e+01
2.299999999999999961e-02,5.100000000000000000e+01
2.299999999999999961e-02,4.600000000000000000e+01
2.299999999999999961e-02,2.580000000000000000e+02
2.299999999999999961e-02,1.540000000000000000e+02
2.299999999999999961e-02,1.220000000000000000e+02
2.299999999999999961e-02,1.330000000000000000e+02
2.299999999999999961e-02,1.610000000000000000e+02
2.299999999999999961e-02,1.200000000000000000e+02
2.299999999999999961e-02,1.000000000000000000e+02
2.299999999999999961e-02,1.830000000000000000e+02
2.299999999999999961e-02,9.300000000000000000e+01
2.299999999999999961e-02,8.200000000000000000e+01
2.400000000000000050e-02,7.600000000000000000e+01
2.400000000000000050e-02,1.250000000000000000e+02
2.400000000000000050e-02,4.600000000000000000e+01
2.400000000000000050e-02,1.070000000000000000e+02
2.400000000000000050e-02,1.220000000000000000e+02
2.400000000000000050e-02,6.600000000000000000e+01
2.400000000000000050e-02,4.000000000000000000e+01
2.400000000000000050e-02,1.820000000000000000e+02
2.400000000000000050e-02,5.000000000000000000e+01
2.400000000000000050e-02,4.800000000000000000e+01
2.400000000000000050e-02,1.080000000000000000e+02
2.400000000000000050e-02,8.900000000000000000e+01
2.400000000000000050e-02,5.300000000000000000e+01
2.400000000000000050e-02,2.000000000000000000e+02
2.400000000000000050e-02,8.500000000000000000e+01
2.400000000000000050e-02,1.140000000000000000e+02
2.400000000000000050e-02,6.100000000000000000e+01
2.400000000000000050e-02,4.700000000000000000e+01
2.400000000000000050e-02,3.900000000000000000e+01
2.400000000000000050e-02,2.320000000000000000e+02
2.400000000000000050e-02,1.350000000000000000e+02
2.400000000000000050e-02,1.040000000000000000e+02
2.400000000000000050e-02,1.000000000000000000e+02
2.400000000000000050e-02,1.340000000000000000e+02
2.400000000000000050e-02,1.090000000000000000e+02
2.400000000000000050e-02,8.700000000000000000e+01
2.400000000000000050e-02,1.500000000000000000e+02
2.400000000000000050e-02,8.400000000000000000e+01
2.400000000000000050e-02,7.300000000000000000e+01
2.500000000000000139e-02,6.100000000000000000e+01
2.500000000000000139e-02,1.040000000000000000e+02
2.500000000000000139e-02,3.600000000000000000e+01
2.500000000000000139e-02,9.700000000000000000e+01
2.500000000000000139e-02,1.010000000000000000e+02
2.500000000000000139e-02,5.700000000000000000e+01
2.500000000000000139e-02,3.000000000000000000e+01
2.500000000000000139e-02,1.450000000000000000e+02
2.500000000000000139e-02,4.200000000000000000e+01
2.500000000000000139e-02,3.700000000000000000e+01
2.500000000000000139e-02,9.300000000000000000e+01
2.500000000000000139e-02,7.600000000000000000e+01
2.500000000000000139e-02,4.600000000000000000e+01
2.500000000000000139e-02,1.710000000000000000e+02
2.500000000000000139e-02,7.700000000000000000e+01
2.500000000000000139e-02,9.900000000000000000e+01
2.500000000000000139e-02,5.100000000000000000e+01
2.500000000000000139e-02,3.900000000000000000e+01
2.500000000000000139e-02,3.000000000000000000e+01
2.500000000000000139e-02,2.070000000000000000e+02
2.500000000000000139e-02,1.090000000000000000e+02
2.500000000000000139e-02,8.600000000000000000e+01
2.500000000000000139e-02,7.700000000000000000e+01
2.500000000000000139e-02,1.060000000000000000e+02
2.500000000000000139e-02,9.200000000000000000e+01
2.500000000000000139e-02,7.400000000000000000e+01
2.500000000000000139e-02,1.190000000000000000e+02
2.500000000000000139e-02,7.400000000000000000e+01
2.500000000000000139e-02,5.700000000000000000e+01
