threshold, avg_num_keypoints
3.000000000000000062e-03,9.983000000000000000e+03
3.000000000000000062e-03,9.808000000000000000e+03
3.000000000000000062e-03,8.695000000000000000e+03
3.000000000000000062e-03,6.801000000000000000e+03
3.000000000000000062e-03,9.186000000000000000e+03
3.000000000000000062e-03,7.983000000000000000e+03
3.000000000000000062e-03,6.741000000000000000e+03
3.000000000000000062e-03,8.601000000000000000e+03
4.000000000000000083e-03,7.084000000000000000e+03
4.000000000000000083e-03,7.178000000000000000e+03
4.000000000000000083e-03,6.244000000000000000e+03
4.000000000000000083e-03,6.166000000000000000e+03
4.000000000000000083e-03,7.772000000000000000e+03
4.000000000000000083e-03,9.099000000000000000e+03
4.000000000000000083e-03,4.950000000000000000e+03
4.000000000000000083e-03,8.002000000000000000e+03
4.000000000000000083e-03,9.040000000000000000e+03
4.000000000000000083e-03,5.823000000000000000e+03
4.000000000000000083e-03,9.208000000000000000e+03
4.000000000000000083e-03,9.555000000000000000e+03
4.000000000000000083e-03,9.100000000000000000e+03
4.000000000000000083e-03,6.682000000000000000e+03
4.000000000000000083e-03,5.496000000000000000e+03
4.000000000000000083e-03,9.804000000000000000e+03
4.000000000000000083e-03,4.641000000000000000e+03
4.000000000000000083e-03,7.844000000000000000e+03
4.000000000000000083e-03,5.980000000000000000e+03
4.000000000000000083e-03,7.651000000000000000e+03
5.000000000000000104e-03,4.932000000000000000e+03
5.000000000000000104e-03,5.243000000000000000e+03
5.000000000000000104e-03,4.128000000000000000e+03
5.000000000000000104e-03,8.461000000000000000e+03
5.000000000000000104e-03,9.115000000000000000e+03
5.000000000000000104e-03,4.498000000000000000e+03
5.000000000000000104e-03,5.557000000000000000e+03
5.000000000000000104e-03,7.022000000000000000e+03
5.000000000000000104e-03,3.670000000000000000e+03
5.000000000000000104e-03,5.626000000000000000e+03
5.000000000000000104e-03,9.346000000000000000e+03
5.000000000000000104e-03,6.768000000000000000e+03
5.000000000000000104e-03,3.877000000000000000e+03
5.000000000000000104e-03,7.184000000000000000e+03
5.000000000000000104e-03,6.781000000000000000e+03
5.000000000000000104e-03,8.819000000000000000e+03
5.000000000000000104e-03,6.439000000000000000e+03
5.000000000000000104e-03,4.421000000000000000e+03
5.000000000000000104e-03,3.843000000000000000e+03
5.000000000000000104e-03,7.477000000000000000e+03
5.000000000000000104e-03,8.100000000000000000e+03
5.000000000000000104e-03,3.439000000000000000e+03
5.000000000000000104e-03,5.780000000000000000e+03
5.000000000000000104e-03,7.227000000000000000e+03
5.000000000000000104e-03,4.329000000000000000e+03
5.000000000000000104e-03,5.946000000000000000e+03
5.000000000000000104e-03,7.257000000000000000e+03
5.000000000000000104e-03,7.357000000000000000e+03
6.000000000000000125e-03,3.677000000000000000e+03
6.000000000000000125e-03,3.993000000000000000e+03
6.000000000000000125e-03,2.855000000000000000e+03
6.000000000000000125e-03,6.468000000000000000e+03
6.000000000000000125e-03,6.924000000000000000e+03
6.000000000000000125e-03,3.375000000000000000e+03
6.000000000000000125e-03,4.037000000000000000e+03
6.000000000000000125e-03,5.472000000000000000e+03
6.000000000000000125e-03,2.782000000000000000e+03
6.000000000000000125e-03,3.950000000000000000e+03
6.000000000000000125e-03,6.812000000000000000e+03
6.000000000000000125e-03,5.210000000000000000e+03
6.000000000000000125e-03,2.733000000000000000e+03
6.000000000000000125e-03,5.565000000000000000e+03
6.000000000000000125e-03,4.947000000000000000e+03
6.000000000000000125e-03,6.550000000000000000e+03
6.000000000000000125e-03,4.566000000000000000e+03
6.000000000000000125e-03,3.047000000000000000e+03
6.000000000000000125e-03,2.803000000000000000e+03
6.000000000000000125e-03,5.887000000000000000e+03
6.000000000000000125e-03,5.871000000000000000e+03
6.000000000000000125e-03,2.615000000000000000e+03
6.000000000000000125e-03,4.391000000000000000e+03
6.000000000000000125e-03,8.969000000000000000e+03
6.000000000000000125e-03,5.262000000000000000e+03
6.000000000000000125e-03,3.219000000000000000e+03
6.000000000000000125e-03,4.783000000000000000e+03
6.000000000000000125e-03,5.368000000000000000e+03
6.000000000000000125e-03,5.279000000000000000e+03
7.000000000000000146e-03,2.778000000000000000e+03
7.000000000000000146e-03,3.126000000000000000e+03
7.000000000000000146e-03,2.046000000000000000e+03
7.000000000000000146e-03,4.809000000000000000e+03
7.000000000000000146e-03,5.190000000000000000e+03
7.000000000000000146e-03,2.643000000000000000e+03
7.000000000000000146e-03,3.039000000000000000e+03
7.000000000000000146e-03,4.386000000000000000e+03
7.000000000000000146e-03,2.159000000000000000e+03
7.000000000000000146e-03,2.887000000000000000e+03
7.000000000000000146e-03,5.058000000000000000e+03
7.000000000000000146e-03,4.062000000000000000e+03
7.000000000000000146e-03,1.938000000000000000e+03
7.000000000000000146e-03,4.263000000000000000e+03
7.000000000000000146e-03,3.627000000000000000e+03
7.000000000000000146e-03,4.971000000000000000e+03
7.000000000000000146e-03,3.272000000000000000e+03
7.000000000000000146e-03,2.201000000000000000e+03
7.000000000000000146e-03,2.154000000000000000e+03
7.000000000000000146e-03,4.630000000000000000e+03
7.000000000000000146e-03,4.323000000000000000e+03
7.000000000000000146e-03,2.004000000000000000e+03
7.000000000000000146e-03,3.407000000000000000e+03
7.000000000000000146e-03,6.926000000000000000e+03
7.000000000000000146e-03,3.837000000000000000e+03
7.000000000000000146e-03,2.462000000000000000e+03
7.000000000000000146e-03,3.845000000000000000e+03
7.000000000000000146e-03,4.051000000000000000e+03
7.000000000000000146e-03,3.852000000000000000e+03
8.000000000000000167e-03,2.143000000000000000e+03
8.000000000000000167e-03,2.483000000000000000e+03
8.000000000000000167e-03,1.490000000000000000e+03
8.000000000000000167e-03,3.747000000000000000e+03
8.000000000000000167e-03,4.085000000000000000e+03
8.000000000000000167e-03,2.136000000000000000e+03
8.000000000000000167e-03,2.342000000000000000e+03
8.000000000000000167e-03,3.433000000000000000e+03
8.000000000000000167e-03,1.753000000000000000e+03
8.000000000000000167e-03,2.193000000000000000e+03
8.000000000000000167e-03,3.807000000000000000e+03
8.000000000000000167e-03,3.184000000000000000e+03
8.000000000000000167e-03,1.372000000000000000e+03
8.000000000000000167e-03,3.426000000000000000e+03
8.000000000000000167e-03,2.792000000000000000e+03
8.000000000000000167e-03,3.880000000000000000e+03
8.000000000000000167e-03,2.418000000000000000e+03
8.000000000000000167e-03,1.549000000000000000e+03
8.000000000000000167e-03,1.686000000000000000e+03
8.000000000000000167e-03,3.739000000000000000e+03
8.000000000000000167e-03,3.312000000000000000e+03
8.000000000000000167e-03,1.552000000000000000e+03
8.000000000000000167e-03,2.710000000000000000e+03
8.000000000000000167e-03,5.434000000000000000e+03
8.000000000000000167e-03,2.827000000000000000e+03
8.000000000000000167e-03,1.926000000000000000e+03
8.000000000000000167e-03,3.122000000000000000e+03
8.000000000000000167e-03,3.110000000000000000e+03
8.000000000000000167e-03,2.858000000000000000e+03
9.000000000000001055e-03,1.685000000000000000e+03
9.000000000000001055e-03,1.985000000000000000e+03
9.000000000000001055e-03,1.072000000000000000e+03
9.000000000000001055e-03,2.984000000000000000e+03
9.000000000000001055e-03,3.237000000000000000e+03
9.000000000000001055e-03,1.768000000000000000e+03
9.000000000000001055e-03,1.895000000000000000e+03
9.000000000000001055e-03,2.780000000000000000e+03
9.000000000000001055e-03,1.432000000000000000e+03
9.000000000000001055e-03,1.610000000000000000e+03
9.000000000000001055e-03,2.901000000000000000e+03
9.000000000000001055e-03,2.462000000000000000e+03
9.000000000000001055e-03,2.826000000000000000e+03
9.000000000000001055e-03,2.146000000000000000e+03
9.000000000000001055e-03,3.116000000000000000e+03
9.000000000000001055e-03,1.792000000000000000e+03
9.000000000000001055e-03,1.119000000000000000e+03
9.000000000000001055e-03,1.289000000000000000e+03
9.000000000000001055e-03,3.067000000000000000e+03
9.000000000000001055e-03,2.517000000000000000e+03
9.000000000000001055e-03,1.266000000000000000e+03
9.000000000000001055e-03,2.172000000000000000e+03
9.000000000000001055e-03,4.210000000000000000e+03
9.000000000000001055e-03,2.150000000000000000e+03
9.000000000000001055e-03,1.506000000000000000e+03
9.000000000000001055e-03,2.432000000000000000e+03
9.000000000000001055e-03,2.437000000000000000e+03
9.000000000000001055e-03,2.171000000000000000e+03
1.000000000000000194e-02,1.314000000000000000e+03
1.000000000000000194e-02,1.598000000000000000e+03
1.000000000000000194e-02,2.399000000000000000e+03
1.000000000000000194e-02,2.633000000000000000e+03
1.000000000000000194e-02,1.459000000000000000e+03
1.000000000000000194e-02,1.501000000000000000e+03
1.000000000000000194e-02,2.316000000000000000e+03
1.000000000000000194e-02,1.176000000000000000e+03
1.000000000000000194e-02,1.198000000000000000e+03
1.000000000000000194e-02,2.218000000000000000e+03
1.000000000000000194e-02,1.971000000000000000e+03
1.000000000000000194e-02,2.388000000000000000e+03
1.000000000000000194e-02,1.656000000000000000e+03
1.000000000000000194e-02,2.487000000000000000e+03
1.000000000000000194e-02,1.316000000000000000e+03
1.000000000000000194e-02,2.597000000000000000e+03
1.000000000000000194e-02,1.934000000000000000e+03
1.000000000000000194e-02,1.032000000000000000e+03
1.000000000000000194e-02,1.765000000000000000e+03
1.000000000000000194e-02,3.237000000000000000e+03
1.000000000000000194e-02,1.662000000000000000e+03
1.000000000000000194e-02,1.154000000000000000e+03
1.000000000000000194e-02,1.924000000000000000e+03
1.000000000000000194e-02,1.926000000000000000e+03
1.000000000000000194e-02,1.644000000000000000e+03
1.099999999999999936e-02,1.026000000000000000e+03
1.099999999999999936e-02,1.313000000000000000e+03
1.099999999999999936e-02,1.877000000000000000e+03
1.099999999999999936e-02,2.110000000000000000e+03
1.099999999999999936e-02,1.182000000000000000e+03
1.099999999999999936e-02,1.156000000000000000e+03
1.099999999999999936e-02,1.914000000000000000e+03
1.099999999999999936e-02,1.718000000000000000e+03
1.099999999999999936e-02,1.560000000000000000e+03
1.099999999999999936e-02,2.003000000000000000e+03
1.099999999999999936e-02,1.291000000000000000e+03
1.099999999999999936e-02,1.941000000000000000e+03
1.099999999999999936e-02,2.210000000000000000e+03
1.099999999999999936e-02,1.501000000000000000e+03
1.099999999999999936e-02,1.427000000000000000e+03
1.099999999999999936e-02,2.493000000000000000e+03
1.099999999999999936e-02,1.308000000000000000e+03
1.099999999999999936e-02,1.586000000000000000e+03
1.099999999999999936e-02,1.508000000000000000e+03
1.099999999999999936e-02,1.264000000000000000e+03
1.200000000000000025e-02,1.061000000000000000e+03
1.200000000000000025e-02,1.483000000000000000e+03
1.200000000000000025e-02,1.656000000000000000e+03
1.200000000000000025e-02,1.577000000000000000e+03
1.200000000000000025e-02,1.347000000000000000e+03
1.200000000000000025e-02,1.204000000000000000e+03
1.200000000000000025e-02,1.626000000000000000e+03
1.200000000000000025e-02,1.526000000000000000e+03
1.200000000000000025e-02,1.912000000000000000e+03
1.200000000000000025e-02,1.151000000000000000e+03
1.200000000000000025e-02,1.148000000000000000e+03
1.200000000000000025e-02,1.897000000000000000e+03
1.200000000000000025e-02,1.345000000000000000e+03
1.200000000000000025e-02,1.210000000000000000e+03
1.300000000000000114e-02,1.161000000000000000e+03
1.300000000000000114e-02,1.305000000000000000e+03
1.300000000000000114e-02,1.307000000000000000e+03
1.300000000000000114e-02,1.042000000000000000e+03
1.300000000000000114e-02,1.305000000000000000e+03
1.300000000000000114e-02,1.156000000000000000e+03
1.300000000000000114e-02,1.674000000000000000e+03
1.300000000000000114e-02,1.457000000000000000e+03
1.300000000000000114e-02,1.136000000000000000e+03
1.400000000000000203e-02,1.010000000000000000e+03
1.400000000000000203e-02,1.082000000000000000e+03
1.400000000000000203e-02,1.011000000000000000e+03
1.400000000000000203e-02,1.432000000000000000e+03
1.400000000000000203e-02,1.150000000000000000e+03
1.499999999999999944e-02,1.177000000000000000e+03
