threshold, avg_num_keypoints
1.000000000000000021e-03,2.532900000000000000e+04
1.000000000000000021e-03,2.807800000000000000e+04
1.000000000000000021e-03,3.218100000000000000e+04
1.000000000000000021e-03,3.362900000000000000e+04
1.000000000000000021e-03,3.646600000000000000e+04
1.000000000000000021e-03,2.404000000000000000e+04
1.000000000000000021e-03,3.039000000000000000e+04
1.000000000000000021e-03,2.888600000000000000e+04
1.000000000000000021e-03,1.963400000000000000e+04
1.000000000000000021e-03,3.164500000000000000e+04
1.000000000000000021e-03,4.310100000000000000e+04
1.000000000000000021e-03,2.996300000000000000e+04
1.000000000000000021e-03,3.002700000000000000e+04
1.000000000000000021e-03,2.802000000000000000e+04
1.000000000000000021e-03,3.675500000000000000e+04
1.000000000000000021e-03,3.757300000000000000e+04
1.000000000000000021e-03,3.313300000000000000e+04
1.000000000000000021e-03,3.261500000000000000e+04
1.000000000000000021e-03,2.293900000000000000e+04
1.000000000000000021e-03,3.602200000000000000e+04
1.000000000000000021e-03,4.150400000000000000e+04
1.000000000000000021e-03,2.075500000000000000e+04
1.000000000000000021e-03,2.799800000000000000e+04
1.000000000000000021e-03,4.905400000000000000e+04
1.000000000000000021e-03,3.696700000000000000e+04
1.000000000000000021e-03,2.408600000000000000e+04
1.000000000000000021e-03,2.732700000000000000e+04
1.000000000000000021e-03,3.486100000000000000e+04
1.000000000000000021e-03,3.499100000000000000e+04
2.000000000000000042e-03,1.437300000000000000e+04
2.000000000000000042e-03,1.549000000000000000e+04
2.000000000000000042e-03,1.661100000000000000e+04
2.000000000000000042e-03,2.074300000000000000e+04
2.000000000000000042e-03,2.243700000000000000e+04
2.000000000000000042e-03,1.303200000000000000e+04
2.000000000000000042e-03,1.720600000000000000e+04
2.000000000000000042e-03,1.725700000000000000e+04
2.000000000000000042e-03,1.023300000000000000e+04
2.000000000000000042e-03,1.774100000000000000e+04
2.000000000000000042e-03,2.716000000000000000e+04
2.000000000000000042e-03,1.772500000000000000e+04
2.000000000000000042e-03,1.554300000000000000e+04
2.000000000000000042e-03,1.675800000000000000e+04
2.000000000000000042e-03,2.132900000000000000e+04
2.000000000000000042e-03,2.347000000000000000e+04
2.000000000000000042e-03,1.984200000000000000e+04
2.000000000000000042e-03,1.708900000000000000e+04
2.000000000000000042e-03,1.232800000000000000e+04
2.000000000000000042e-03,2.025100000000000000e+04
2.000000000000000042e-03,2.498400000000000000e+04
2.000000000000000042e-03,1.077100000000000000e+04
2.000000000000000042e-03,1.626700000000000000e+04
2.000000000000000042e-03,3.065800000000000000e+04
2.000000000000000042e-03,2.228100000000000000e+04
2.000000000000000042e-03,1.328800000000000000e+04
2.000000000000000042e-03,1.475600000000000000e+04
2.000000000000000042e-03,2.086200000000000000e+04
2.000000000000000042e-03,2.143000000000000000e+04
3.000000000000000062e-03,9.983000000000000000e+03
3.000000000000000062e-03,1.011000000000000000e+04
3.000000000000000062e-03,9.808000000000000000e+03
3.000000000000000062e-03,1.477700000000000000e+04
3.000000000000000062e-03,1.588900000000000000e+04
3.000000000000000062e-03,8.695000000000000000e+03
3.000000000000000062e-03,1.109000000000000000e+04
3.000000000000000062e-03,1.215400000000000000e+04
3.000000000000000062e-03,6.801000000000000000e+03
3.000000000000000062e-03,1.157700000000000000e+04
3.000000000000000062e-03,1.859000000000000000e+04
3.000000000000000062e-03,1.230500000000000000e+04
3.000000000000000062e-03,9.186000000000000000e+03
3.000000000000000062e-03,1.191800000000000000e+04
3.000000000000000062e-03,1.392800000000000000e+04
3.000000000000000062e-03,1.619800000000000000e+04
3.000000000000000062e-03,1.321300000000000000e+04
3.000000000000000062e-03,1.036400000000000000e+04
3.000000000000000062e-03,7.983000000000000000e+03
3.000000000000000062e-03,1.349700000000000000e+04
3.000000000000000062e-03,1.639800000000000000e+04
3.000000000000000062e-03,6.741000000000000000e+03
3.000000000000000062e-03,1.096700000000000000e+04
3.000000000000000062e-03,2.099400000000000000e+04
3.000000000000000062e-03,1.481600000000000000e+04
3.000000000000000062e-03,8.601000000000000000e+03
3.000000000000000062e-03,1.030900000000000000e+04
3.000000000000000062e-03,1.410400000000000000e+04
3.000000000000000062e-03,1.445900000000000000e+04
4.000000000000000083e-03,7.084000000000000000e+03
4.000000000000000083e-03,7.178000000000000000e+03
4.000000000000000083e-03,6.244000000000000000e+03
4.000000000000000083e-03,1.109800000000000000e+04
4.000000000000000083e-03,1.185000000000000000e+04
4.000000000000000083e-03,6.166000000000000000e+03
4.000000000000000083e-03,7.772000000000000000e+03
4.000000000000000083e-03,9.099000000000000000e+03
4.000000000000000083e-03,4.950000000000000000e+03
4.000000000000000083e-03,8.002000000000000000e+03
4.000000000000000083e-03,1.306700000000000000e+04
4.000000000000000083e-03,9.040000000000000000e+03
4.000000000000000083e-03,5.823000000000000000e+03
4.000000000000000083e-03,9.208000000000000000e+03
4.000000000000000083e-03,9.555000000000000000e+03
4.000000000000000083e-03,1.191200000000000000e+04
4.000000000000000083e-03,9.100000000000000000e+03
4.000000000000000083e-03,6.682000000000000000e+03
4.000000000000000083e-03,5.496000000000000000e+03
4.000000000000000083e-03,9.804000000000000000e+03
4.000000000000000083e-03,1.134700000000000000e+04
4.000000000000000083e-03,4.641000000000000000e+03
4.000000000000000083e-03,7.844000000000000000e+03
4.000000000000000083e-03,1.527100000000000000e+04
4.000000000000000083e-03,1.018900000000000000e+04
4.000000000000000083e-03,5.980000000000000000e+03
4.000000000000000083e-03,7.651000000000000000e+03
4.000000000000000083e-03,1.001100000000000000e+04
4.000000000000000083e-03,1.021400000000000000e+04
5.000000000000000104e-03,4.932000000000000000e+03
5.000000000000000104e-03,5.243000000000000000e+03
5.000000000000000104e-03,4.128000000000000000e+03
5.000000000000000104e-03,8.461000000000000000e+03
5.000000000000000104e-03,9.115000000000000000e+03
5.000000000000000104e-03,4.498000000000000000e+03
5.000000000000000104e-03,5.557000000000000000e+03
5.000000000000000104e-03,7.022000000000000000e+03
5.000000000000000104e-03,3.670000000000000000e+03
5.000000000000000104e-03,5.626000000000000000e+03
5.000000000000000104e-03,9.346000000000000000e+03
5.000000000000000104e-03,6.768000000000000000e+03
5.000000000000000104e-03,3.877000000000000000e+03
5.000000000000000104e-03,7.184000000000000000e+03
5.000000000000000104e-03,6.781000000000000000e+03
5.000000000000000104e-03,8.819000000000000000e+03
5.000000000000000104e-03,6.439000000000000000e+03
5.000000000000000104e-03,4.421000000000000000e+03
5.000000000000000104e-03,3.843000000000000000e+03
5.000000000000000104e-03,7.477000000000000000e+03
5.000000000000000104e-03,8.100000000000000000e+03
5.000000000000000104e-03,3.439000000000000000e+03
5.000000000000000104e-03,5.780000000000000000e+03
5.000000000000000104e-03,1.161800000000000000e+04
5.000000000000000104e-03,7.227000000000000000e+03
5.000000000000000104e-03,4.329000000000000000e+03
5.000000000000000104e-03,5.946000000000000000e+03
5.000000000000000104e-03,7.257000000000000000e+03
5.000000000000000104e-03,7.357000000000000000e+03
6.000000000000000125e-03,3.677000000000000000e+03
6.000000000000000125e-03,3.993000000000000000e+03
6.000000000000000125e-03,2.855000000000000000e+03
6.000000000000000125e-03,6.468000000000000000e+03
6.000000000000000125e-03,6.924000000000000000e+03
6.000000000000000125e-03,3.375000000000000000e+03
6.000000000000000125e-03,4.037000000000000000e+03
6.000000000000000125e-03,5.472000000000000000e+03
6.000000000000000125e-03,2.782000000000000000e+03
6.000000000000000125e-03,3.950000000000000000e+03
6.000000000000000125e-03,6.812000000000000000e+03
6.000000000000000125e-03,5.210000000000000000e+03
6.000000000000000125e-03,2.733000000000000000e+03
6.000000000000000125e-03,5.565000000000000000e+03
6.000000000000000125e-03,4.947000000000000000e+03
6.000000000000000125e-03,6.550000000000000000e+03
6.000000000000000125e-03,4.566000000000000000e+03
6.000000000000000125e-03,3.047000000000000000e+03
6.000000000000000125e-03,2.803000000000000000e+03
6.000000000000000125e-03,5.887000000000000000e+03
6.000000000000000125e-03,5.871000000000000000e+03
6.000000000000000125e-03,2.615000000000000000e+03
6.000000000000000125e-03,4.391000000000000000e+03
6.000000000000000125e-03,8.969000000000000000e+03
6.000000000000000125e-03,5.262000000000000000e+03
6.000000000000000125e-03,3.219000000000000000e+03
6.000000000000000125e-03,4.783000000000000000e+03
6.000000000000000125e-03,5.368000000000000000e+03
6.000000000000000125e-03,5.279000000000000000e+03
7.000000000000000146e-03,2.778000000000000000e+03
7.000000000000000146e-03,3.126000000000000000e+03
7.000000000000000146e-03,2.046000000000000000e+03
7.000000000000000146e-03,4.809000000000000000e+03
7.000000000000000146e-03,5.190000000000000000e+03
7.000000000000000146e-03,2.643000000000000000e+03
7.000000000000000146e-03,3.039000000000000000e+03
7.000000000000000146e-03,4.386000000000000000e+03
7.000000000000000146e-03,2.159000000000000000e+03
7.000000000000000146e-03,2.887000000000000000e+03
7.000000000000000146e-03,5.058000000000000000e+03
7.000000000000000146e-03,4.062000000000000000e+03
7.000000000000000146e-03,1.938000000000000000e+03
7.000000000000000146e-03,4.263000000000000000e+03
7.000000000000000146e-03,3.627000000000000000e+03
7.000000000000000146e-03,4.971000000000000000e+03
7.000000000000000146e-03,3.272000000000000000e+03
7.000000000000000146e-03,2.201000000000000000e+03
7.000000000000000146e-03,2.154000000000000000e+03
7.000000000000000146e-03,4.630000000000000000e+03
7.000000000000000146e-03,4.323000000000000000e+03
7.000000000000000146e-03,2.004000000000000000e+03
7.000000000000000146e-03,3.407000000000000000e+03
7.000000000000000146e-03,6.926000000000000000e+03
7.000000000000000146e-03,3.837000000000000000e+03
7.000000000000000146e-03,2.462000000000000000e+03
7.000000000000000146e-03,3.845000000000000000e+03
7.000000000000000146e-03,4.051000000000000000e+03
7.000000000000000146e-03,3.852000000000000000e+03
8.000000000000000167e-03,2.143000000000000000e+03
8.000000000000000167e-03,2.483000000000000000e+03
8.000000000000000167e-03,1.490000000000000000e+03
8.000000000000000167e-03,3.747000000000000000e+03
8.000000000000000167e-03,4.085000000000000000e+03
8.000000000000000167e-03,2.136000000000000000e+03
8.000000000000000167e-03,2.342000000000000000e+03
8.000000000000000167e-03,3.433000000000000000e+03
8.000000000000000167e-03,1.753000000000000000e+03
8.000000000000000167e-03,2.193000000000000000e+03
8.000000000000000167e-03,3.807000000000000000e+03
8.000000000000000167e-03,3.184000000000000000e+03
8.000000000000000167e-03,1.372000000000000000e+03
8.000000000000000167e-03,3.426000000000000000e+03
8.000000000000000167e-03,2.792000000000000000e+03
8.000000000000000167e-03,3.880000000000000000e+03
8.000000000000000167e-03,2.418000000000000000e+03
8.000000000000000167e-03,1.549000000000000000e+03
8.000000000000000167e-03,1.686000000000000000e+03
8.000000000000000167e-03,3.739000000000000000e+03
8.000000000000000167e-03,3.312000000000000000e+03
8.000000000000000167e-03,1.552000000000000000e+03
8.000000000000000167e-03,2.710000000000000000e+03
8.000000000000000167e-03,5.434000000000000000e+03
8.000000000000000167e-03,2.827000000000000000e+03
8.000000000000000167e-03,1.926000000000000000e+03
8.000000000000000167e-03,3.122000000000000000e+03
8.000000000000000167e-03,3.110000000000000000e+03
8.000000000000000167e-03,2.858000000000000000e+03
9.000000000000001055e-03,1.685000000000000000e+03
9.000000000000001055e-03,1.985000000000000000e+03
9.000000000000001055e-03,1.072000000000000000e+03
9.000000000000001055e-03,2.984000000000000000e+03
9.000000000000001055e-03,3.237000000000000000e+03
9.000000000000001055e-03,1.768000000000000000e+03
9.000000000000001055e-03,1.895000000000000000e+03
9.000000000000001055e-03,2.780000000000000000e+03
9.000000000000001055e-03,1.432000000000000000e+03
9.000000000000001055e-03,1.610000000000000000e+03
9.000000000000001055e-03,2.901000000000000000e+03
9.000000000000001055e-03,2.462000000000000000e+03
9.000000000000001055e-03,9.480000000000000000e+02
9.000000000000001055e-03,2.826000000000000000e+03
9.000000000000001055e-03,2.146000000000000000e+03
9.000000000000001055e-03,3.116000000000000000e+03
9.000000000000001055e-03,1.792000000000000000e+03
9.000000000000001055e-03,1.119000000000000000e+03
9.000000000000001055e-03,1.289000000000000000e+03
9.000000000000001055e-03,3.067000000000000000e+03
9.000000000000001055e-03,2.517000000000000000e+03
9.000000000000001055e-03,1.266000000000000000e+03
9.000000000000001055e-03,2.172000000000000000e+03
9.000000000000001055e-03,4.210000000000000000e+03
9.000000000000001055e-03,2.150000000000000000e+03
9.000000000000001055e-03,1.506000000000000000e+03
9.000000000000001055e-03,2.432000000000000000e+03
9.000000000000001055e-03,2.437000000000000000e+03
9.000000000000001055e-03,2.171000000000000000e+03
1.000000000000000194e-02,1.314000000000000000e+03
1.000000000000000194e-02,1.598000000000000000e+03
1.000000000000000194e-02,7.820000000000000000e+02
1.000000000000000194e-02,2.399000000000000000e+03
1.000000000000000194e-02,2.633000000000000000e+03
1.000000000000000194e-02,1.459000000000000000e+03
1.000000000000000194e-02,1.501000000000000000e+03
1.000000000000000194e-02,2.316000000000000000e+03
1.000000000000000194e-02,1.176000000000000000e+03
1.000000000000000194e-02,1.198000000000000000e+03
1.000000000000000194e-02,2.218000000000000000e+03
1.000000000000000194e-02,1.971000000000000000e+03
1.000000000000000194e-02,6.810000000000000000e+02
1.000000000000000194e-02,2.388000000000000000e+03
1.000000000000000194e-02,1.656000000000000000e+03
1.000000000000000194e-02,2.487000000000000000e+03
1.000000000000000194e-02,1.316000000000000000e+03
1.000000000000000194e-02,8.430000000000000000e+02
1.000000000000000194e-02,9.870000000000000000e+02
1.000000000000000194e-02,2.597000000000000000e+03
1.000000000000000194e-02,1.934000000000000000e+03
1.000000000000000194e-02,1.032000000000000000e+03
1.000000000000000194e-02,1.765000000000000000e+03
1.000000000000000194e-02,3.237000000000000000e+03
1.000000000000000194e-02,1.662000000000000000e+03
1.000000000000000194e-02,1.154000000000000000e+03
1.000000000000000194e-02,1.924000000000000000e+03
1.000000000000000194e-02,1.926000000000000000e+03
1.000000000000000194e-02,1.644000000000000000e+03
1.099999999999999936e-02,1.026000000000000000e+03
1.099999999999999936e-02,1.313000000000000000e+03
1.099999999999999936e-02,5.920000000000000000e+02
1.099999999999999936e-02,1.877000000000000000e+03
1.099999999999999936e-02,2.110000000000000000e+03
1.099999999999999936e-02,1.182000000000000000e+03
1.099999999999999936e-02,1.156000000000000000e+03
1.099999999999999936e-02,1.914000000000000000e+03
1.099999999999999936e-02,9.390000000000000000e+02
1.099999999999999936e-02,8.610000000000000000e+02
1.099999999999999936e-02,1.718000000000000000e+03
1.099999999999999936e-02,1.560000000000000000e+03
1.099999999999999936e-02,4.990000000000000000e+02
1.099999999999999936e-02,2.003000000000000000e+03
1.099999999999999936e-02,1.291000000000000000e+03
1.099999999999999936e-02,1.941000000000000000e+03
1.099999999999999936e-02,9.370000000000000000e+02
1.099999999999999936e-02,6.270000000000000000e+02
1.099999999999999936e-02,7.380000000000000000e+02
1.099999999999999936e-02,2.210000000000000000e+03
1.099999999999999936e-02,1.501000000000000000e+03
1.099999999999999936e-02,8.590000000000000000e+02
1.099999999999999936e-02,1.427000000000000000e+03
1.099999999999999936e-02,2.493000000000000000e+03
1.099999999999999936e-02,1.308000000000000000e+03
1.099999999999999936e-02,8.780000000000000000e+02
1.099999999999999936e-02,1.586000000000000000e+03
1.099999999999999936e-02,1.508000000000000000e+03
1.099999999999999936e-02,1.264000000000000000e+03
1.200000000000000025e-02,8.060000000000000000e+02
1.200000000000000025e-02,1.061000000000000000e+03
1.200000000000000025e-02,4.640000000000000000e+02
1.200000000000000025e-02,1.483000000000000000e+03
1.200000000000000025e-02,1.656000000000000000e+03
1.200000000000000025e-02,9.110000000000000000e+02
1.200000000000000025e-02,8.690000000000000000e+02
1.200000000000000025e-02,1.577000000000000000e+03
1.200000000000000025e-02,7.250000000000000000e+02
1.200000000000000025e-02,6.280000000000000000e+02
1.200000000000000025e-02,1.347000000000000000e+03
1.200000000000000025e-02,1.204000000000000000e+03
1.200000000000000025e-02,3.670000000000000000e+02
1.200000000000000025e-02,1.626000000000000000e+03
1.200000000000000025e-02,9.920000000000000000e+02
1.200000000000000025e-02,1.526000000000000000e+03
1.200000000000000025e-02,6.910000000000000000e+02
1.200000000000000025e-02,4.780000000000000000e+02
1.200000000000000025e-02,5.550000000000000000e+02
1.200000000000000025e-02,1.912000000000000000e+03
1.200000000000000025e-02,1.151000000000000000e+03
1.200000000000000025e-02,7.140000000000000000e+02
1.200000000000000025e-02,1.148000000000000000e+03
1.200000000000000025e-02,1.897000000000000000e+03
1.200000000000000025e-02,9.610000000000000000e+02
1.200000000000000025e-02,6.890000000000000000e+02
1.200000000000000025e-02,1.345000000000000000e+03
1.200000000000000025e-02,1.210000000000000000e+03
1.200000000000000025e-02,9.460000000000000000e+02
1.300000000000000114e-02,6.290000000000000000e+02
1.300000000000000114e-02,8.620000000000000000e+02
1.300000000000000114e-02,3.530000000000000000e+02
1.300000000000000114e-02,1.161000000000000000e+03
1.300000000000000114e-02,1.305000000000000000e+03
1.300000000000000114e-02,7.020000000000000000e+02
1.300000000000000114e-02,6.430000000000000000e+02
1.300000000000000114e-02,1.307000000000000000e+03
1.300000000000000114e-02,5.490000000000000000e+02
1.300000000000000114e-02,4.700000000000000000e+02
1.300000000000000114e-02,1.042000000000000000e+03
1.300000000000000114e-02,9.560000000000000000e+02
1.300000000000000114e-02,2.800000000000000000e+02
1.300000000000000114e-02,1.305000000000000000e+03
1.300000000000000114e-02,7.850000000000000000e+02
1.300000000000000114e-02,1.156000000000000000e+03
1.300000000000000114e-02,5.140000000000000000e+02
1.300000000000000114e-02,3.610000000000000000e+02
1.300000000000000114e-02,4.300000000000000000e+02
1.300000000000000114e-02,1.674000000000000000e+03
1.300000000000000114e-02,9.120000000000000000e+02
1.300000000000000114e-02,6.100000000000000000e+02
1.300000000000000114e-02,8.990000000000000000e+02
1.300000000000000114e-02,1.457000000000000000e+03
1.300000000000000114e-02,7.480000000000000000e+02
1.300000000000000114e-02,5.370000000000000000e+02
1.300000000000000114e-02,1.136000000000000000e+03
1.300000000000000114e-02,9.280000000000000000e+02
1.300000000000000114e-02,7.050000000000000000e+02
1.400000000000000203e-02,4.900000000000000000e+02
1.400000000000000203e-02,6.970000000000000000e+02
1.400000000000000203e-02,2.660000000000000000e+02
1.400000000000000203e-02,8.910000000000000000e+02
1.400000000000000203e-02,1.010000000000000000e+03
1.400000000000000203e-02,5.240000000000000000e+02
1.400000000000000203e-02,4.470000000000000000e+02
1.400000000000000203e-02,1.082000000000000000e+03
1.400000000000000203e-02,4.440000000000000000e+02
1.400000000000000203e-02,3.610000000000000000e+02
1.400000000000000203e-02,8.250000000000000000e+02
1.400000000000000203e-02,7.490000000000000000e+02
1.400000000000000203e-02,2.070000000000000000e+02
1.400000000000000203e-02,1.011000000000000000e+03
1.400000000000000203e-02,6.220000000000000000e+02
1.400000000000000203e-02,8.910000000000000000e+02
1.400000000000000203e-02,3.770000000000000000e+02
1.400000000000000203e-02,2.900000000000000000e+02
1.400000000000000203e-02,3.200000000000000000e+02
1.400000000000000203e-02,1.432000000000000000e+03
1.400000000000000203e-02,7.160000000000000000e+02
1.400000000000000203e-02,4.940000000000000000e+02
1.400000000000000203e-02,7.410000000000000000e+02
1.400000000000000203e-02,1.150000000000000000e+03
1.400000000000000203e-02,5.930000000000000000e+02
1.400000000000000203e-02,4.260000000000000000e+02
1.400000000000000203e-02,9.380000000000000000e+02
1.400000000000000203e-02,7.170000000000000000e+02
1.400000000000000203e-02,5.560000000000000000e+02
1.499999999999999944e-02,3.810000000000000000e+02
1.499999999999999944e-02,5.620000000000000000e+02
1.499999999999999944e-02,2.130000000000000000e+02
1.499999999999999944e-02,6.840000000000000000e+02
1.499999999999999944e-02,7.890000000000000000e+02
1.499999999999999944e-02,3.850000000000000000e+02
1.499999999999999944e-02,3.070000000000000000e+02
1.499999999999999944e-02,8.800000000000000000e+02
1.499999999999999944e-02,3.380000000000000000e+02
1.499999999999999944e-02,2.690000000000000000e+02
1.499999999999999944e-02,6.450000000000000000e+02
1.499999999999999944e-02,5.940000000000000000e+02
1.499999999999999944e-02,1.570000000000000000e+02
1.499999999999999944e-02,8.160000000000000000e+02
1.499999999999999944e-02,4.930000000000000000e+02
1.499999999999999944e-02,6.990000000000000000e+02
1.499999999999999944e-02,2.940000000000000000e+02
1.499999999999999944e-02,2.330000000000000000e+02
1.499999999999999944e-02,2.270000000000000000e+02
1.499999999999999944e-02,1.177000000000000000e+03
1.499999999999999944e-02,5.710000000000000000e+02
1.499999999999999944e-02,4.120000000000000000e+02
1.499999999999999944e-02,6.110000000000000000e+02
1.499999999999999944e-02,9.300000000000000000e+02
1.499999999999999944e-02,4.750000000000000000e+02
1.499999999999999944e-02,3.390000000000000000e+02
1.499999999999999944e-02,7.750000000000000000e+02
1.499999999999999944e-02,5.620000000000000000e+02
1.499999999999999944e-02,4.380000000000000000e+02
1.600000000000000033e-02,2.990000000000000000e+02
1.600000000000000033e-02,4.560000000000000000e+02
1.600000000000000033e-02,1.660000000000000000e+02
1.600000000000000033e-02,5.360000000000000000e+02
1.600000000000000033e-02,6.060000000000000000e+02
1.600000000000000033e-02,3.040000000000000000e+02
1.600000000000000033e-02,2.040000000000000000e+02
1.600000000000000033e-02,7.440000000000000000e+02
1.600000000000000033e-02,2.750000000000000000e+02
1.600000000000000033e-02,1.990000000000000000e+02
1.600000000000000033e-02,5.110000000000000000e+02
1.600000000000000033e-02,4.390000000000000000e+02
1.600000000000000033e-02,1.280000000000000000e+02
1.600000000000000033e-02,6.530000000000000000e+02
1.600000000000000033e-02,3.930000000000000000e+02
1.600000000000000033e-02,5.390000000000000000e+02
1.600000000000000033e-02,2.250000000000000000e+02
1.600000000000000033e-02,1.810000000000000000e+02
1.600000000000000033e-02,1.840000000000000000e+02
1.600000000000000033e-02,9.600000000000000000e+02
1.600000000000000033e-02,4.500000000000000000e+02
1.600000000000000033e-02,3.450000000000000000e+02
1.600000000000000033e-02,5.020000000000000000e+02
1.600000000000000033e-02,7.470000000000000000e+02
1.600000000000000033e-02,3.750000000000000000e+02
1.600000000000000033e-02,2.630000000000000000e+02
1.600000000000000033e-02,6.260000000000000000e+02
1.600000000000000033e-02,4.310000000000000000e+02
1.600000000000000033e-02,3.440000000000000000e+02
1.700000000000000122e-02,2.280000000000000000e+02
1.700000000000000122e-02,3.640000000000000000e+02
1.700000000000000122e-02,1.300000000000000000e+02
1.700000000000000122e-02,4.090000000000000000e+02
1.700000000000000122e-02,4.710000000000000000e+02
1.700000000000000122e-02,2.310000000000000000e+02
1.700000000000000122e-02,1.670000000000000000e+02
1.700000000000000122e-02,6.340000000000000000e+02
1.700000000000000122e-02,2.090000000000000000e+02
1.700000000000000122e-02,1.580000000000000000e+02
1.700000000000000122e-02,4.020000000000000000e+02
1.700000000000000122e-02,3.220000000000000000e+02
1.700000000000000122e-02,1.120000000000000000e+02
1.700000000000000122e-02,5.090000000000000000e+02
1.700000000000000122e-02,3.160000000000000000e+02
1.700000000000000122e-02,4.300000000000000000e+02
1.700000000000000122e-02,1.760000000000000000e+02
1.700000000000000122e-02,1.420000000000000000e+02
1.700000000000000122e-02,1.400000000000000000e+02
1.700000000000000122e-02,7.660000000000000000e+02
1.700000000000000122e-02,3.490000000000000000e+02
1.700000000000000122e-02,3.010000000000000000e+02
1.700000000000000122e-02,4.100000000000000000e+02
1.700000000000000122e-02,6.100000000000000000e+02
1.700000000000000122e-02,2.950000000000000000e+02
1.700000000000000122e-02,2.080000000000000000e+02
1.700000000000000122e-02,5.250000000000000000e+02
1.700000000000000122e-02,3.380000000000000000e+02
1.700000000000000122e-02,2.620000000000000000e+02
1.800000000000000211e-02,1.910000000000000000e+02
1.800000000000000211e-02,2.940000000000000000e+02
1.800000000000000211e-02,1.080000000000000000e+02
1.800000000000000211e-02,3.240000000000000000e+02
1.800000000000000211e-02,3.660000000000000000e+02
1.800000000000000211e-02,1.740000000000000000e+02
1.800000000000000211e-02,1.170000000000000000e+02
1.800000000000000211e-02,5.170000000000000000e+02
1.800000000000000211e-02,1.630000000000000000e+02
1.800000000000000211e-02,1.300000000000000000e+02
1.800000000000000211e-02,3.230000000000000000e+02
1.800000000000000211e-02,2.390000000000000000e+02
1.800000000000000211e-02,8.400000000000000000e+01
1.800000000000000211e-02,4.050000000000000000e+02
1.800000000000000211e-02,2.590000000000000000e+02
1.800000000000000211e-02,3.420000000000000000e+02
1.800000000000000211e-02,1.370000000000000000e+02
1.800000000000000211e-02,1.190000000000000000e+02
1.800000000000000211e-02,1.080000000000000000e+02
1.800000000000000211e-02,6.020000000000000000e+02
1.800000000000000211e-02,3.000000000000000000e+02
1.800000000000000211e-02,2.550000000000000000e+02
1.800000000000000211e-02,3.470000000000000000e+02
1.800000000000000211e-02,4.740000000000000000e+02
1.800000000000000211e-02,2.420000000000000000e+02
1.800000000000000211e-02,1.680000000000000000e+02
1.800000000000000211e-02,4.260000000000000000e+02
1.800000000000000211e-02,2.570000000000000000e+02
1.800000000000000211e-02,2.050000000000000000e+02
1.900000000000000300e-02,1.540000000000000000e+02
1.900000000000000300e-02,2.410000000000000000e+02
1.900000000000000300e-02,8.200000000000000000e+01
1.900000000000000300e-02,2.650000000000000000e+02
1.900000000000000300e-02,2.770000000000000000e+02
1.900000000000000300e-02,1.430000000000000000e+02
1.900000000000000300e-02,8.800000000000000000e+01
1.900000000000000300e-02,4.310000000000000000e+02
1.900000000000000300e-02,1.330000000000000000e+02
1.900000000000000300e-02,1.040000000000000000e+02
1.900000000000000300e-02,2.570000000000000000e+02
1.900000000000000300e-02,1.840000000000000000e+02
1.900000000000000300e-02,6.100000000000000000e+01
1.900000000000000300e-02,3.350000000000000000e+02
1.900000000000000300e-02,2.070000000000000000e+02
1.900000000000000300e-02,2.690000000000000000e+02
1.900000000000000300e-02,1.240000000000000000e+02
1.900000000000000300e-02,9.700000000000000000e+01
1.900000000000000300e-02,8.600000000000000000e+01
1.900000000000000300e-02,4.690000000000000000e+02
1.900000000000000300e-02,2.510000000000000000e+02
1.900000000000000300e-02,2.130000000000000000e+02
1.900000000000000300e-02,2.860000000000000000e+02
1.900000000000000300e-02,3.740000000000000000e+02
1.900000000000000300e-02,2.110000000000000000e+02
1.900000000000000300e-02,1.370000000000000000e+02
1.900000000000000300e-02,3.440000000000000000e+02
1.900000000000000300e-02,1.950000000000000000e+02
1.900000000000000300e-02,1.520000000000000000e+02
2.000000000000000042e-02,1.240000000000000000e+02
2.000000000000000042e-02,2.000000000000000000e+02
2.000000000000000042e-02,6.700000000000000000e+01
2.000000000000000042e-02,2.140000000000000000e+02
2.000000000000000042e-02,2.260000000000000000e+02
2.000000000000000042e-02,1.120000000000000000e+02
2.000000000000000042e-02,6.300000000000000000e+01
2.000000000000000042e-02,3.650000000000000000e+02
2.000000000000000042e-02,1.100000000000000000e+02
2.000000000000000042e-02,8.300000000000000000e+01
2.000000000000000042e-02,2.010000000000000000e+02
2.000000000000000042e-02,1.530000000000000000e+02
2.000000000000000042e-02,4.400000000000000000e+01
2.000000000000000042e-02,2.800000000000000000e+02
2.000000000000000042e-02,1.670000000000000000e+02
2.000000000000000042e-02,2.180000000000000000e+02
2.000000000000000042e-02,1.050000000000000000e+02
2.000000000000000042e-02,8.000000000000000000e+01
2.000000000000000042e-02,7.200000000000000000e+01
2.000000000000000042e-02,3.810000000000000000e+02
2.000000000000000042e-02,2.100000000000000000e+02
2.000000000000000042e-02,1.680000000000000000e+02
2.000000000000000042e-02,2.300000000000000000e+02
2.000000000000000042e-02,3.050000000000000000e+02
2.000000000000000042e-02,1.660000000000000000e+02
2.000000000000000042e-02,1.080000000000000000e+02
2.000000000000000042e-02,2.710000000000000000e+02
2.000000000000000042e-02,1.470000000000000000e+02
2.000000000000000042e-02,1.190000000000000000e+02
2.100000000000000130e-02,1.030000000000000000e+02
2.100000000000000130e-02,1.630000000000000000e+02
2.100000000000000130e-02,5.600000000000000000e+01
2.100000000000000130e-02,1.720000000000000000e+02
2.100000000000000130e-02,1.830000000000000000e+02
2.100000000000000130e-02,9.200000000000000000e+01
2.100000000000000130e-02,5.500000000000000000e+01
2.100000000000000130e-02,2.970000000000000000e+02
2.100000000000000130e-02,8.700000000000000000e+01
2.100000000000000130e-02,6.400000000000000000e+01
2.100000000000000130e-02,1.700000000000000000e+02
2.100000000000000130e-02,1.300000000000000000e+02
2.100000000000000130e-02,3.500000000000000000e+01
2.100000000000000130e-02,2.380000000000000000e+02
2.100000000000000130e-02,1.350000000000000000e+02
2.100000000000000130e-02,1.770000000000000000e+02
2.100000000000000130e-02,8.600000000000000000e+01
2.100000000000000130e-02,6.100000000000000000e+01
2.100000000000000130e-02,5.900000000000000000e+01
2.100000000000000130e-02,3.070000000000000000e+02
2.100000000000000130e-02,1.770000000000000000e+02
2.100000000000000130e-02,1.370000000000000000e+02
2.100000000000000130e-02,1.890000000000000000e+02
2.100000000000000130e-02,2.430000000000000000e+02
2.100000000000000130e-02,1.320000000000000000e+02
2.100000000000000130e-02,9.200000000000000000e+01
2.100000000000000130e-02,1.990000000000000000e+02
2.100000000000000130e-02,1.130000000000000000e+02
2.100000000000000130e-02,1.000000000000000000e+02
2.200000000000000219e-02,8.800000000000000000e+01
2.200000000000000219e-02,1.430000000000000000e+02
2.200000000000000219e-02,4.700000000000000000e+01
2.200000000000000219e-02,1.300000000000000000e+02
2.200000000000000219e-02,1.460000000000000000e+02
2.200000000000000219e-02,7.300000000000000000e+01
2.200000000000000219e-02,4.700000000000000000e+01
2.200000000000000219e-02,2.530000000000000000e+02
2.200000000000000219e-02,7.100000000000000000e+01
2.200000000000000219e-02,5.200000000000000000e+01
2.200000000000000219e-02,1.420000000000000000e+02
2.200000000000000219e-02,1.100000000000000000e+02
2.200000000000000219e-02,2.400000000000000000e+01
2.200000000000000219e-02,2.060000000000000000e+02
2.200000000000000219e-02,1.100000000000000000e+02
2.200000000000000219e-02,1.510000000000000000e+02
2.200000000000000219e-02,6.600000000000000000e+01
2.200000000000000219e-02,5.100000000000000000e+01
2.200000000000000219e-02,4.200000000000000000e+01
2.200000000000000219e-02,2.560000000000000000e+02
2.200000000000000219e-02,1.480000000000000000e+02
2.200000000000000219e-02,1.130000000000000000e+02
2.200000000000000219e-02,1.630000000000000000e+02
2.200000000000000219e-02,1.910000000000000000e+02
2.200000000000000219e-02,1.040000000000000000e+02
2.200000000000000219e-02,8.000000000000000000e+01
2.200000000000000219e-02,1.440000000000000000e+02
2.200000000000000219e-02,9.200000000000000000e+01
2.200000000000000219e-02,8.600000000000000000e+01
2.299999999999999961e-02,6.800000000000000000e+01
2.299999999999999961e-02,1.260000000000000000e+02
2.299999999999999961e-02,4.200000000000000000e+01
2.299999999999999961e-02,1.040000000000000000e+02
2.299999999999999961e-02,1.210000000000000000e+02
2.299999999999999961e-02,6.200000000000000000e+01
2.299999999999999961e-02,3.700000000000000000e+01
2.299999999999999961e-02,2.190000000000000000e+02
2.299999999999999961e-02,5.900000000000000000e+01
2.299999999999999961e-02,4.300000000000000000e+01
2.299999999999999961e-02,1.180000000000000000e+02
2.299999999999999961e-02,9.300000000000000000e+01
2.299999999999999961e-02,2.000000000000000000e+01
2.299999999999999961e-02,1.670000000000000000e+02
2.299999999999999961e-02,8.300000000000000000e+01
2.299999999999999961e-02,1.310000000000000000e+02
2.299999999999999961e-02,5.400000000000000000e+01
2.299999999999999961e-02,4.600000000000000000e+01
2.299999999999999961e-02,3.500000000000000000e+01
2.299999999999999961e-02,2.220000000000000000e+02
2.299999999999999961e-02,1.210000000000000000e+02
2.299999999999999961e-02,9.800000000000000000e+01
2.299999999999999961e-02,1.330000000000000000e+02
2.299999999999999961e-02,1.610000000000000000e+02
2.299999999999999961e-02,8.500000000000000000e+01
2.299999999999999961e-02,6.700000000000000000e+01
2.299999999999999961e-02,1.070000000000000000e+02
2.299999999999999961e-02,8.000000000000000000e+01
2.299999999999999961e-02,6.600000000000000000e+01
2.400000000000000050e-02,5.100000000000000000e+01
2.400000000000000050e-02,1.050000000000000000e+02
2.400000000000000050e-02,3.500000000000000000e+01
2.400000000000000050e-02,8.800000000000000000e+01
2.400000000000000050e-02,9.800000000000000000e+01
2.400000000000000050e-02,4.800000000000000000e+01
2.400000000000000050e-02,3.100000000000000000e+01
2.400000000000000050e-02,1.840000000000000000e+02
2.400000000000000050e-02,4.800000000000000000e+01
2.400000000000000050e-02,3.700000000000000000e+01
2.400000000000000050e-02,9.600000000000000000e+01
2.400000000000000050e-02,7.900000000000000000e+01
2.400000000000000050e-02,1.800000000000000000e+01
2.400000000000000050e-02,1.440000000000000000e+02
2.400000000000000050e-02,6.900000000000000000e+01
2.400000000000000050e-02,1.190000000000000000e+02
2.400000000000000050e-02,4.700000000000000000e+01
2.400000000000000050e-02,3.700000000000000000e+01
2.400000000000000050e-02,2.900000000000000000e+01
2.400000000000000050e-02,1.980000000000000000e+02
2.400000000000000050e-02,1.040000000000000000e+02
2.400000000000000050e-02,8.600000000000000000e+01
2.400000000000000050e-02,1.080000000000000000e+02
2.400000000000000050e-02,1.260000000000000000e+02
2.400000000000000050e-02,7.000000000000000000e+01
2.400000000000000050e-02,5.800000000000000000e+01
2.400000000000000050e-02,8.600000000000000000e+01
2.400000000000000050e-02,6.600000000000000000e+01
2.400000000000000050e-02,6.100000000000000000e+01
2.500000000000000139e-02,4.600000000000000000e+01
2.500000000000000139e-02,9.900000000000000000e+01
2.500000000000000139e-02,3.200000000000000000e+01
2.500000000000000139e-02,7.800000000000000000e+01
2.500000000000000139e-02,7.600000000000000000e+01
2.500000000000000139e-02,4.200000000000000000e+01
2.500000000000000139e-02,2.200000000000000000e+01
2.500000000000000139e-02,1.430000000000000000e+02
2.500000000000000139e-02,4.000000000000000000e+01
2.500000000000000139e-02,2.900000000000000000e+01
2.500000000000000139e-02,8.300000000000000000e+01
2.500000000000000139e-02,7.400000000000000000e+01
2.500000000000000139e-02,1.400000000000000000e+01
2.500000000000000139e-02,1.220000000000000000e+02
2.500000000000000139e-02,6.300000000000000000e+01
2.500000000000000139e-02,1.030000000000000000e+02
2.500000000000000139e-02,4.000000000000000000e+01
2.500000000000000139e-02,3.400000000000000000e+01
2.500000000000000139e-02,2.400000000000000000e+01
2.500000000000000139e-02,1.650000000000000000e+02
2.500000000000000139e-02,8.000000000000000000e+01
2.500000000000000139e-02,7.400000000000000000e+01
2.500000000000000139e-02,7.500000000000000000e+01
2.500000000000000139e-02,1.020000000000000000e+02
2.500000000000000139e-02,5.400000000000000000e+01
2.500000000000000139e-02,4.700000000000000000e+01
2.500000000000000139e-02,6.800000000000000000e+01
2.500000000000000139e-02,6.000000000000000000e+01
2.500000000000000139e-02,4.900000000000000000e+01
